1.787341088056564331e-01 -1.885375678539276123e-01 -1.045528799295425415e-02 -4.877949059009552002e-01 -1.201497763395309448e-01 -9.276285022497177124e-02 2.294143587350845337e-01 -1.907001584768295288e-01 4.307171702384948730e-01 -2.146596461534500122e-01 2.486067563295364380e-01 1.304459422826766968e-01 6.623379141092300415e-02 -2.568087354302406311e-02 1.594824045896530151e-01 -3.908742070198059082e-01 -4.806100577116012573e-02 -3.138835728168487549e-01 2.123218476772308350e-01 -7.638421375304460526e-03
-9.092590957880020142e-02 3.524569794535636902e-02 -2.179814279079437256e-01 1.236332803964614868e-01 2.239621430635452271e-01 -3.376356363296508789e-01 1.769735366106033325e-01 1.391529589891433716e-01 -1.006428301334381104e-01 2.845733761787414551e-01 8.586178719997406006e-02 -6.443002820014953613e-02 2.489643394947052002e-01 -3.480760455131530762e-01 2.217576354742050171e-01 5.727179050445556641e-01 1.103447005152702332e-01 -1.327044814825057983e-01 -7.749971933662891388e-03 1.176078319549560547e-01
-4.430110752582550049e-01 2.427453100681304932e-01 1.003589630126953125e-01 -2.228039652109146118e-01 -1.547151654958724976e-01 -1.951041519641876221e-01 -1.515345573425292969e-01 1.722887903451919556e-01 -7.382646203041076660e-01 -3.380673229694366455e-01 1.644600033760070801e-01 -1.821700334548950195e-01 1.808200478553771973e-01 -3.399160504341125488e-01 -1.295294612646102905e-01 8.489028215408325195e-01 -2.015249282121658325e-01 -4.090729951858520508e-01 3.447755277156829834e-01 5.447990298271179199e-01
-2.433325946331024170e-01 -6.981340795755386353e-02 -5.750382691621780396e-02 1.442411839962005615e-01 1.842352449893951416e-01 -2.325738966464996338e-01 2.283714413642883301e-01 6.555713415145874023e-01 1.262155026197433472e-01 -3.391491472721099854e-01 -2.232389599084854126e-01 -3.292982876300811768e-01 1.850358098745346069e-01 -1.144985854625701904e-01 1.472639292478561401e-02 4.038514792919158936e-01 1.484067887067794800e-01 -4.925675988197326660e-01 -1.062750965356826782e-01 1.188561990857124329e-01
1.234144493937492371e-01 -4.276992976665496826e-01 5.062796473503112793e-01 -1.829406321048736572e-01 -3.344930708408355713e-01 1.105274073779582977e-02 8.853931725025177002e-02 -2.802316546440124512e-01 -2.015770077705383301e-01 2.112173736095428467e-01 4.439666569232940674e-01 -3.096070885658264160e-01 3.107910752296447754e-01 2.602436840534210205e-01 -1.028530150651931763e-01 1.429008971899747849e-02 1.344373971223831177e-01 -1.490076780319213867e-01 -3.314337730407714844e-01 6.472588330507278442e-02
-2.089618742465972900e-01 1.435252837836742401e-02 3.167840242385864258e-01 6.279027462005615234e-02 1.193316653370857239e-01 -4.375559091567993164e-02 -5.567146539688110352e-01 -2.436748892068862915e-01 -1.010251697152853012e-02 2.851597666740417480e-01 2.855490194633603096e-03 -3.500440716743469238e-01 -5.268191099166870117e-01 2.163589298725128174e-01 -4.087403416633605957e-02 3.809484243392944336e-01 -1.163053661584854126e-01 -5.784984305500984192e-02 -2.438019663095474243e-01 4.681656360626220703e-01
1.537796109914779663e-01 -4.639576002955436707e-02 1.117644608020782471e-01 -2.443621754646301270e-01 1.789084374904632568e-01 -8.618321269750595093e-02 -2.318744063377380371e-01 -3.236405551433563232e-02 3.519941270351409912e-01 1.651282906532287598e-01 -1.487155258655548096e-01 -4.422471821308135986e-01 3.160998821258544922e-01 3.857614398002624512e-01 1.345186978578567505e-01 2.804540395736694336e-01 1.194539815187454224e-01 8.561938069760799408e-03 -3.294915854930877686e-01 -8.307892829179763794e-02
1.454743891954421997e-01 -8.352167159318923950e-02 -2.567712068557739258e-01 -2.278426438570022583e-01 -3.750127851963043213e-01 4.821748733520507812e-01 3.106597363948822021e-01 -1.390742808580398560e-01 1.638192832469940186e-01 -1.600987464189529419e-01 3.679567575454711914e-01 -2.563776969909667969e-01 -5.487994551658630371e-01 3.622329980134963989e-02 2.591934613883495331e-02 6.345415115356445312e-02 -4.009724557399749756e-01 -5.316140055656433105e-01 1.254307776689529419e-01 2.189873605966567993e-01
-1.514874696731567383e-01 -3.865643739700317383e-01 6.866902112960815430e-02 2.106642276048660278e-01 -7.083082571625709534e-03 -1.589703112840652466e-01 -1.854879111051559448e-01 1.778171360492706299e-01 -4.136973917484283447e-01 4.700272381305694580e-01 -8.290939331054687500e-01 -1.634778976440429688e-01 1.749301105737686157e-01 -3.095933496952056885e-01 5.216158032417297363e-01 9.651798754930496216e-02 2.096414417028427124e-01 -6.358049809932708740e-02 -8.636235594749450684e-01 9.682651609182357788e-02
-3.428426682949066162e-01 -4.494626820087432861e-01 4.212205708026885986e-01 4.704881012439727783e-01 4.401248097419738770e-01 -6.503403782844543457e-01 -5.420625805854797363e-01 1.459369063377380371e-01 -7.782201170921325684e-01 7.632590532302856445e-01 -3.780415058135986328e-01 2.901054732501506805e-02 1.487896293401718140e-01 -1.799144744873046875e-01 4.113641381263732910e-01 4.659889265894889832e-02 8.528771996498107910e-02 7.310465574264526367e-01 -3.224920630455017090e-01 2.728760838508605957e-01
4.229668974876403809e-01 4.448180198669433594e-01 -3.322365283966064453e-01 -5.710543394088745117e-01 2.044458985328674316e-01 2.042563557624816895e-01 -1.260713785886764526e-01 -2.544300816953182220e-02 -2.626410871744155884e-02 -1.162490472197532654e-01 -3.346828520298004150e-01 -4.055984318256378174e-01 -6.908438354730606079e-02 2.198536135256290436e-02 9.362512081861495972e-02 -5.097600817680358887e-01 3.195628821849822998e-01 1.984387785196304321e-01 4.199112355709075928e-01 -3.375054299831390381e-01
-5.190905332565307617e-01 -3.731748461723327637e-01 9.215912222862243652e-02 -2.936397194862365723e-01 -2.075308561325073242e-01 -2.099316418170928955e-01 -2.523858547210693359e-01 2.902733087539672852e-01 -8.658856153488159180e-01 7.145255804061889648e-01 -8.394151926040649414e-01 1.468685418367385864e-01 -1.250296980142593384e-01 -4.800439178943634033e-01 9.429333806037902832e-01 8.126063346862792969e-01 -4.471411406993865967e-01 7.779555022716522217e-02 -5.963003635406494141e-01 -4.824478924274444580e-02
-1.095530986785888672e-01 -1.272063255310058594e-01 1.703914403915405273e-01 2.121939510107040405e-01 5.534376949071884155e-02 -1.190870925784111023e-01 -2.069402337074279785e-01 -1.953159272670745850e-01 -3.034954369068145752e-01 -1.383797675371170044e-01 1.380278915166854858e-01 -2.379188090562820435e-01 -1.235981434583663940e-01 1.163040995597839355e-01 -7.518635690212249756e-02 -2.328687310218811035e-01 -1.829442530870437622e-01 2.413503378629684448e-01 -2.974786460399627686e-01 -2.961485981941223145e-01
1.271128952503204346e-01 -1.822203248739242554e-01 6.104643940925598145e-01 1.352366358041763306e-01 1.369672715663909912e-01 -8.215078711509704590e-02 -3.644349277019500732e-01 -3.302547633647918701e-01 -1.654354184865951538e-01 2.319623902440071106e-02 -1.404011249542236328e-01 1.881459355354309082e-01 -1.982546448707580566e-01 -3.499253392219543457e-01 2.216252386569976807e-01 3.034945130348205566e-01 2.004531919956207275e-01 3.805583715438842773e-01 3.471396863460540771e-02 -3.664119243621826172e-01
1.027280017733573914e-01 -1.879453472793102264e-02 -2.750383615493774414e-01 -4.406224936246871948e-02 -1.063270121812820435e-01 4.093698039650917053e-02 2.425661087036132812e-01 7.799018174409866333e-02 -4.813038930296897888e-02 1.457492075860500336e-02 -1.789400130510330200e-01 -2.377732396125793457e-01 5.151216313242912292e-02 2.864454388618469238e-01 -4.910951852798461914e-01 -4.797888398170471191e-01 2.567213773727416992e-01 5.452895760536193848e-01 -2.258468568325042725e-01 -1.633987724781036377e-01
4.062743186950683594e-01 1.652169525623321533e-01 -1.410380005836486816e-01 6.142010092735290527e-01 4.498295858502388000e-02 -9.980908781290054321e-02 -4.769862890243530273e-01 8.337765187025070190e-02 -4.828843846917152405e-02 -3.064224421977996826e-01 -3.202543556690216064e-01 6.372008323669433594e-01 -1.182280108332633972e-01 4.000455737113952637e-01 7.766957581043243408e-02 2.137778550386428833e-01 5.746840834617614746e-01 1.674781739711761475e-01 1.805708259344100952e-01 -1.653311215341091156e-02
-2.784673869609832764e-01 7.260779291391372681e-02 -1.737181395292282104e-01 -3.485830724239349365e-01 -5.108385533094406128e-02 -3.308222293853759766e-01 -6.171103715896606445e-01 -1.735842078924179077e-01 1.929322779178619385e-01 5.164623260498046875e-02 5.116469413042068481e-02 -2.318262010812759399e-01 7.492256909608840942e-02 -5.138812661170959473e-01 -3.198849782347679138e-02 2.333007603883743286e-01 -1.102324575185775757e-01 -1.293054819107055664e-01 4.058932512998580933e-02 -2.800665497779846191e-01
8.575935959815979004e-01 -4.107495024800300598e-02 2.604081630706787109e-01 3.415131866931915283e-01 2.684682011604309082e-01 2.477447539567947388e-01 6.690540909767150879e-02 3.517260774970054626e-02 -8.466017246246337891e-02 -2.406488209962844849e-01 3.576348423957824707e-01 -1.315609831362962723e-02 -9.294069558382034302e-02 5.046553015708923340e-01 -4.650135636329650879e-01 2.391495853662490845e-01 8.350944519042968750e-02 -9.493447840213775635e-03 3.689689338207244873e-01 -9.138958901166915894e-02
-2.571041882038116455e-01 9.729594737291336060e-02 9.321552515029907227e-02 -3.153765201568603516e-01 -1.935784965753555298e-01 -1.454746723175048828e-01 -3.467647433280944824e-01 1.278105378150939941e-01 -6.033212691545486450e-02 2.989237755537033081e-02 1.418793350458145142e-01 -1.520106494426727295e-01 -1.254559457302093506e-01 -3.479241132736206055e-01 7.354192435741424561e-03 4.113873243331909180e-01 -3.115873932838439941e-01 -9.324301034212112427e-02 -2.633745372295379639e-01 1.017015352845191956e-01
3.306238651275634766e-01 2.158380150794982910e-01 3.785868883132934570e-01 -6.832560896873474121e-02 1.698017567396163940e-01 4.488970637321472168e-01 -1.153335347771644592e-01 -2.218336760997772217e-01 2.645771503448486328e-01 -3.646321296691894531e-01 2.048604190349578857e-03 1.670697182416915894e-01 -1.657218039035797119e-01 1.524571478366851807e-01 -1.283997893333435059e-01 -6.091373041272163391e-02 7.655948400497436523e-02 -1.569320261478424072e-01 -8.182566612958908081e-02 -5.413445457816123962e-02
