-2.377749606966972351e-02
-3.775453369598835707e-04
5.117569863796234131e-02
-8.854764699935913086e-02
3.054581396281719208e-02
1.131570413708686829e-01
3.534505516290664673e-02
3.070408664643764496e-02
-7.241926155984401703e-03
-3.522847592830657959e-02
4.182990174740552902e-03
-5.983535572886466980e-02
-2.599867284297943115e-01
-2.869811095297336578e-02
-3.403007611632347107e-02
1.798427850008010864e-01
-9.579663723707199097e-02
-3.142971694469451904e-01
-3.326334804296493530e-02
5.450164526700973511e-02
