-9.867345541715621948e-02 2.667414844036102295e-01 -6.602112203836441040e-02 3.630179166793823242e-02 1.735077947378158569e-01 -1.763048171997070312e-01 -2.216695696115493774e-01 -1.526918411254882812e-01 -5.453518629074096680e-01 -1.876322180032730103e-01 -5.248713493347167969e-02 2.141349762678146362e-01 -3.223699629306793213e-01 2.409945800900459290e-02 -5.210932344198226929e-02 4.209423363208770752e-01 3.979229032993316650e-01 -6.200726330280303955e-02 2.287631481885910034e-01 -4.531139135360717773e-01
-3.772643506526947021e-01 2.388500571250915527e-01 -2.328161522746086121e-02 1.287899613380432129e-01 1.658959537744522095e-01 -9.892854839563369751e-02 -5.056579113006591797e-01 1.008047312498092651e-01 -1.799021065235137939e-01 -3.785398602485656738e-01 -3.525115251541137695e-01 -9.037741273641586304e-02 -3.131566047668457031e-01 -1.022813245654106140e-01 2.788787782192230225e-01 -2.693814933300018311e-01 1.066273599863052368e-01 3.515244126319885254e-01 -3.923519849777221680e-01 -2.103549093008041382e-01
2.384723350405693054e-02 3.960426449775695801e-01 -9.438836574554443359e-02 1.526926308870315552e-01 1.139118447899818420e-01 3.731380701065063477e-01 3.898230791091918945e-01 2.990391254425048828e-01 -7.784791290760040283e-02 -7.740440219640731812e-02 -3.348503112792968750e-01 -8.911608159542083740e-02 -8.508158475160598755e-02 -2.288549393415451050e-01 1.691462695598602295e-01 2.769882977008819580e-01 1.820158362388610840e-01 -1.402273327112197876e-01 1.725774109363555908e-01 -6.882397085428237915e-02
-7.894360460340976715e-03 -2.099245041608810425e-01 1.103453040122985840e-01 4.142090380191802979e-01 5.654727816581726074e-01 1.996324807405471802e-01 -2.969559133052825928e-01 -3.473578095436096191e-01 1.311316639184951782e-01 -3.539026379585266113e-01 -1.667463332414627075e-01 -1.206792145967483521e-01 4.576664417982101440e-02 3.225106298923492432e-01 2.417131215333938599e-01 2.702144905924797058e-02 -1.182203143835067749e-01 -6.910131871700286865e-02 1.750465184450149536e-01 1.287069320678710938e-01
3.081745505332946777e-01 2.852488160133361816e-01 7.027889043092727661e-02 3.120544254779815674e-01 -4.102308675646781921e-02 2.755018174648284912e-01 2.158946543931961060e-01 2.456683479249477386e-02 5.017589926719665527e-01 -5.405074357986450195e-02 1.281130462884902954e-01 -1.763928830623626709e-01 3.346408531069755554e-02 6.036089733242988586e-02 -1.825701892375946045e-01 2.644250690937042236e-01 -1.498604118824005127e-01 -3.529166802763938904e-02 1.455189734697341919e-01 -1.157103851437568665e-01
-2.837855517864227295e-01 -2.225487679243087769e-01 7.852924615144729614e-02 -7.131315022706985474e-02 7.434587180614471436e-02 1.618292629718780518e-01 -2.691614329814910889e-01 2.618370018899440765e-02 -2.793027833104133606e-02 -3.184581100940704346e-01 1.577165871858596802e-01 -2.501056790351867676e-01 -1.602812856435775757e-01 6.423329114913940430e-01 3.823260068893432617e-01 -2.684487104415893555e-01 1.549200266599655151e-01 -2.334626913070678711e-01 -1.861614733934402466e-01 -2.941520325839519501e-02
3.187638148665428162e-02 6.959636695683002472e-03 5.556045100092887878e-03 6.315084546804428101e-02 -4.575919359922409058e-02 3.071986697614192963e-02 -2.830758392810821533e-01 1.491383016109466553e-01 5.150697007775306702e-02 -2.217303812503814697e-01 -1.396052837371826172e-01 9.431292861700057983e-02 -3.680975139141082764e-01 3.391811996698379517e-02 -2.822151184082031250e-01 -1.889948248863220215e-01 2.101413458585739136e-01 9.887503087520599365e-02 1.541194170713424683e-01 4.247748553752899170e-01
-1.129938215017318726e-01 9.499303251504898071e-02 4.345687106251716614e-03 4.358092695474624634e-02 1.659491360187530518e-01 6.835054606199264526e-02 4.675760269165039062e-01 2.828596234321594238e-01 3.657596111297607422e-01 -7.096446305513381958e-02 -3.093377649784088135e-01 -4.243424534797668457e-01 3.567001223564147949e-01 1.175715848803520203e-01 -6.819998472929000854e-02 -4.362372457981109619e-01 -2.649264335632324219e-01 1.760688871145248413e-01 -4.965600967407226562e-01 -4.221670031547546387e-01
-1.693468093872070312e-01 -3.301426172256469727e-01 -5.536760762333869934e-02 4.314833134412765503e-02 -8.052510023117065430e-02 1.490509063005447388e-01 -1.644346415996551514e-01 -3.202700912952423096e-01 -2.496664375066757202e-01 -3.866049349308013916e-01 2.937248945236206055e-01 -1.562500149011611938e-01 3.264718875288963318e-02 2.613172531127929688e-01 -3.082665503025054932e-01 -6.320269107818603516e-01 -8.586702495813369751e-02 4.257030785083770752e-01 -1.473546326160430908e-01 2.524908185005187988e-01
1.731905043125152588e-01 3.335154950618743896e-01 -3.430412709712982178e-01 2.035414613783359528e-02 7.547128200531005859e-02 3.030260205268859863e-01 6.172704324126243591e-02 -2.006334513425827026e-01 5.095688700675964355e-01 9.983909875154495239e-02 -1.274377107620239258e-01 -4.055615663528442383e-01 1.107970923185348511e-01 -1.895894668996334076e-02 -1.496508717536926270e-01 4.209195375442504883e-01 -1.743457615375518799e-01 -6.156159043312072754e-01 -9.497076272964477539e-02 -1.291378885507583618e-01
-4.208079352974891663e-02 -3.373914659023284912e-01 4.567162692546844482e-01 -1.399614363908767700e-01 -1.618415862321853638e-02 3.699362650513648987e-02 -3.714793622493743896e-01 -3.261786997318267822e-01 -4.483985900878906250e-01 -9.885556250810623169e-02 3.981584608554840088e-01 -1.292338967323303223e-01 -4.602967202663421631e-01 -2.696469612419605255e-02 5.187775492668151855e-01 -5.213695168495178223e-01 2.843049764633178711e-01 4.111185371875762939e-01 6.377930045127868652e-01 4.021331369876861572e-01
-6.858616322278976440e-02 2.314044982194900513e-01 8.088579773902893066e-02 3.647722005844116211e-01 9.387678503990173340e-01 1.032213121652603149e-01 -2.287132665514945984e-03 2.480229288339614868e-01 -1.999537646770477295e-01 2.638646215200424194e-02 -6.278977543115615845e-02 -2.255001962184906006e-01 1.920423060655593872e-01 1.496468782424926758e-01 -1.760497689247131348e-02 -1.258152574300765991e-01 5.363540649414062500e-01 4.061387851834297180e-02 1.581382006406784058e-01 6.438637524843215942e-02
5.978895425796508789e-01 -2.496900595724582672e-02 -2.479581534862518311e-01 3.560026884078979492e-01 -1.593125462532043457e-01 2.972964942455291748e-01 3.463419377803802490e-01 1.816721260547637939e-01 3.565504848957061768e-01 3.486477434635162354e-01 -4.030341804027557373e-01 -7.825601845979690552e-02 3.298337161540985107e-01 4.422302171587944031e-02 2.465282231569290161e-01 2.489241957664489746e-01 -4.172805249691009521e-01 -3.927961736917495728e-02 2.002552747726440430e-01 1.386318802833557129e-01
-2.894286811351776123e-01 -3.711939156055450439e-01 3.720584809780120850e-01 2.973281443119049072e-01 -2.248880416154861450e-01 -4.625241756439208984e-01 2.616666853427886963e-01 2.776169180870056152e-01 -3.102868497371673584e-01 -2.190581113100051880e-01 7.980452477931976318e-02 3.142193555831909180e-01 8.672792464494705200e-02 4.416141808032989502e-01 1.268440335988998413e-01 -8.073369041085243225e-03 7.496220618486404419e-02 -8.719180524349212646e-02 1.519890036433935165e-02 -2.235805615782737732e-03
2.411547899246215820e-01 8.426144123077392578e-01 -8.493260741233825684e-01 6.549979746341705322e-02 -3.920415043830871582e-01 3.212329745292663574e-02 7.681080698966979980e-01 2.884997427463531494e-01 5.781623721122741699e-01 -1.894775778055191040e-01 -1.643872112035751343e-01 -9.744821488857269287e-02 7.760875225067138672e-01 -2.662503123283386230e-01 -1.389462500810623169e-01 4.674198925495147705e-01 -5.806980729103088379e-01 -5.050541758537292480e-01 -2.317796945571899414e-01 2.761894091963768005e-02
8.155015856027603149e-02 1.526244580745697021e-01 1.394620072096586227e-02 -1.683633215725421906e-02 -1.436283886432647705e-01 8.715167641639709473e-02 4.268772900104522705e-02 1.045234203338623047e-01 4.072335064411163330e-01 -8.895805478096008301e-02 5.807573720812797546e-02 -1.938987672328948975e-01 -8.822441101074218750e-02 -2.373903244733810425e-01 -8.705324679613113403e-02 -2.615927755832672119e-01 8.570326864719390869e-02 -3.959241807460784912e-01 -1.502950191497802734e-01 -5.222696661949157715e-01
-1.630731225013732910e-01 5.834817513823509216e-02 2.024941444396972656e-01 4.674007594585418701e-01 2.910256087779998779e-01 -4.065819084644317627e-01 7.202246785163879395e-02 7.621992379426956177e-02 -6.451675295829772949e-02 9.399090707302093506e-02 1.404278278350830078e-01 -1.042565405368804932e-01 1.893712207674980164e-02 1.160291656851768494e-01 1.050736382603645325e-02 -2.501854002475738525e-01 -5.632307380437850952e-02 1.941028386354446411e-01 1.009522676467895508e-01 4.063714444637298584e-01
2.271020859479904175e-01 4.069717526435852051e-01 -4.572750329971313477e-01 2.875219881534576416e-01 2.083876878023147583e-01 4.358535110950469971e-01 4.137291610240936279e-01 2.811244316399097443e-02 7.113186717033386230e-01 2.889302372932434082e-01 -4.263257384300231934e-01 -5.609579011797904968e-02 8.690469861030578613e-01 2.586012780666351318e-01 3.016810119152069092e-02 2.799553871154785156e-01 -7.870041131973266602e-01 -2.767623364925384521e-01 2.588714063167572021e-01 1.483213603496551514e-01
-2.383233979344367981e-02 -2.915415167808532715e-01 1.558384448289871216e-01 -2.007417827844619751e-01 3.075113892555236816e-01 1.248775646090507507e-01 -1.830761581659317017e-01 -1.205799579620361328e-01 -3.628693148493766785e-02 -4.884425699710845947e-01 4.476186633110046387e-01 1.263537108898162842e-01 -4.545846879482269287e-01 3.518304526805877686e-01 1.047322750091552734e-01 -4.108923077583312988e-01 4.399990141391754150e-01 -4.952652752399444580e-02 3.103076517581939697e-01 5.302222445607185364e-02
2.143297642469406128e-01 -5.522180795669555664e-01 -7.698198407888412476e-02 1.138493716716766357e-01 -2.377214282751083374e-01 9.448530524969100952e-02 -1.462377011775970459e-01 4.297039285302162170e-02 1.889877021312713623e-01 -4.998969137668609619e-01 7.845928519964218140e-02 -1.751910895109176636e-01 1.763906329870223999e-01 -3.924213349819183350e-03 -4.799801111221313477e-02 3.133105337619781494e-01 -6.069847848266363144e-03 -8.648365736007690430e-02 -1.065611243247985840e-01 -1.851291358470916748e-01
