-1.060637608170509338e-01
1.591346561908721924e-01
1.081832647323608398e-01
1.155602931976318359e-01
1.057993900030851364e-02
1.442604213953018188e-01
-8.846409618854522705e-02
2.123236283659934998e-02
5.782556906342506409e-02
-5.903552472591400146e-02
-1.079133301973342896e-01
3.267303705215454102e-01
-1.556853502988815308e-01
-5.217079073190689087e-02
-1.337963342666625977e-01
-1.222830358892679214e-02
5.279029160737991333e-02
5.552786961197853088e-02
-1.126656215637922287e-02
8.286267518997192383e-02
