-1.980427205562591553e-01
-7.565126568078994751e-02
8.935976028442382812e-02
-1.980847865343093872e-01
-1.470003426074981689e-01
-1.275756210088729858e-01
-2.226797789335250854e-01
-2.094086259603500366e-02
-1.151671409606933594e-01
-1.525692194700241089e-01
6.828866899013519287e-02
7.600463926792144775e-02
-1.925018429756164551e-01
9.321333840489387512e-03
3.959338739514350891e-02
-1.956759393215179443e-01
1.237167194485664368e-01
7.306220382452011108e-02
-6.441999226808547974e-02
-6.533131748437881470e-02
