3.541615903377532959e-01
5.474353209137916565e-02
-9.584604203701019287e-02
-1.029120802879333496e+00
-7.307183146476745605e-01
2.334530800580978394e-01
3.384006619453430176e-01
2.477382719516754150e-01
1.398414969444274902e-01
4.364497661590576172e-01
-1.158913224935531616e-02
-2.527781724929809570e-01
7.096132636070251465e-02
-2.530474066734313965e-01
-1.567636281251907349e-01
2.699498832225799561e-01
-5.443774908781051636e-02
-2.256293147802352905e-01
-1.423401385545730591e-01
-1.406391859054565430e-01
