-3.664150238037109375e-01
9.679670631885528564e-02
-6.204655170440673828e-01
-2.329953461885452271e-01
6.583147644996643066e-01
-5.807350277900695801e-01
-4.455693364143371582e-01
5.743678808212280273e-01
3.484687507152557373e-01
1.204574555158615112e-01
8.538779616355895996e-01
-7.473696768283843994e-02
-3.199865221977233887e-01
-4.660018086433410645e-01
9.098590016365051270e-01
-7.405732572078704834e-02
-2.939994335174560547e-01
-2.290741205215454102e-01
5.232236981391906738e-01
2.947181761264801025e-01
