7.638425379991531372e-02
-5.938969925045967102e-02
-2.384476922452449799e-02
1.376829482614994049e-02
-6.452512741088867188e-02
3.104317933320999146e-02
-1.306853722780942917e-02
-3.455186635255813599e-02
-1.258312258869409561e-03
8.477050811052322388e-02
2.427114360034465790e-02
6.594168371520936489e-04
-1.813748665153980255e-02
-8.090414106845855713e-03
9.533945471048355103e-02
-2.463022805750370026e-02
3.325624391436576843e-02
-2.926543168723583221e-02
-3.235858678817749023e-02
2.366827614605426788e-02
