5.345802903175354004e-01 -1.684810519218444824e-01 3.910765945911407471e-01 3.961893618106842041e-01 -2.903155982494354248e-01 -3.627448976039886475e-01 -2.835121750831604004e-01 2.694497108459472656e-01 9.553174674510955811e-02 -3.854129314422607422e-01 -4.721064865589141846e-01 2.691706717014312744e-01 -1.216464117169380188e-01 2.670792676508426666e-02 -1.102239191532135010e-01 1.305187791585922241e-01 4.586566984653472900e-02 -2.176245301961898804e-01 3.040131628513336182e-01 -3.598010540008544922e-02
1.951347589492797852e-01 2.190459072589874268e-01 3.107213973999023438e-02 -3.785585612058639526e-02 1.667977869510650635e-01 -2.485076785087585449e-01 -3.327108025550842285e-01 -1.822818964719772339e-01 3.725288808345794678e-01 3.777654170989990234e-01 4.592274129390716553e-01 -5.930471420288085938e-02 -3.147315382957458496e-01 -1.772464811801910400e-01 1.337708532810211182e-01 -5.126150846481323242e-01 2.993496656417846680e-01 -4.797684401273727417e-02 3.299950808286666870e-02 -2.754150331020355225e-02
3.348226547241210938e-01 -2.397592812776565552e-01 6.429427266120910645e-01 1.925440132617950439e-01 -1.624655723571777344e-01 4.000176787376403809e-01 5.339247584342956543e-01 -5.774163603782653809e-01 -2.472585141658782959e-01 -2.642514705657958984e-01 -7.926977872848510742e-01 1.980548202991485596e-01 4.509738385677337646e-01 3.025139495730400085e-02 -4.715456664562225342e-01 -1.306339446455240250e-02 1.473738551139831543e-01 5.481545329093933105e-01 -4.470471143722534180e-01 -3.744384273886680603e-02
-2.721338272094726562e-01 4.165060073137283325e-02 1.502889990806579590e-01 2.233922481536865234e-01 3.549392819404602051e-01 -2.272057682275772095e-01 -2.678555250167846680e-01 -2.259424328804016113e-01 -1.041219830513000488e-01 4.405353367328643799e-01 -2.644160948693752289e-02 2.805194854736328125e-01 1.720748096704483032e-01 3.490803390741348267e-02 1.556873917579650879e-01 -1.280210316181182861e-01 1.234399750828742981e-01 2.581825852394104004e-01 4.893022403120994568e-02 -2.193443328142166138e-01
-4.940148070454597473e-02 -1.768522411584854126e-01 5.433721542358398438e-01 -3.238694369792938232e-01 1.328523010015487671e-01 -1.267570853233337402e-01 3.541302680969238281e-02 3.997193574905395508e-01 1.545928325504064560e-02 -2.297878414392471313e-01 -1.629274338483810425e-01 2.496267110109329224e-01 7.555058002471923828e-01 -1.121544167399406433e-01 -1.680313348770141602e-01 6.208729743957519531e-02 -1.077737137675285339e-01 1.759583055973052979e-01 -1.915966719388961792e-01 4.155711233615875244e-01
8.606401085853576660e-02 -1.149386838078498840e-01 -2.614358663558959961e-01 -1.465794742107391357e-01 -2.894157469272613525e-01 -8.664774894714355469e-02 -5.515929311513900757e-02 8.591095358133316040e-02 -3.021730855107307434e-02 -2.829135358333587646e-01 -5.507133156061172485e-02 7.281308621168136597e-02 -2.059193402528762817e-01 -1.154704988002777100e-01 4.215714707970619202e-02 1.489637345075607300e-01 2.789967320859432220e-02 8.695257827639579773e-03 -2.059453576803207397e-01 -3.454016447067260742e-01
2.767574787139892578e-01 -2.028551995754241943e-01 -1.045243069529533386e-01 -1.018702983856201172e-01 -7.439879328012466431e-02 -2.409354597330093384e-01 -1.347678303718566895e-01 1.296129971742630005e-01 -8.984624594449996948e-02 -7.132391631603240967e-02 1.355209648609161377e-01 -2.657387256622314453e-01 4.594019055366516113e-01 -3.134072944521903992e-02 -3.183212280273437500e-01 1.799457371234893799e-01 8.891056478023529053e-02 7.660991698503494263e-02 -1.466833651065826416e-01 -3.043360710144042969e-01
-5.521583557128906250e-01 4.296658560633659363e-02 -5.235993266105651855e-01 6.549476087093353271e-02 4.154798761010169983e-02 -5.145270824432373047e-01 -6.113381981849670410e-01 3.797983229160308838e-01 2.018472254276275635e-01 -3.035981766879558563e-02 2.404785305261611938e-01 -1.843003630638122559e-01 -3.476512432098388672e-01 -4.703277349472045898e-02 4.457030594348907471e-01 2.650022208690643311e-01 7.304161321371793747e-03 -6.378719955682754517e-02 4.590701758861541748e-01 1.408854871988296509e-01
4.500055611133575439e-01 -3.663396537303924561e-01 -1.604212522506713867e-01 1.030488163232803345e-01 -3.740918040275573730e-01 3.259871006011962891e-01 -2.719906158745288849e-02 -1.828399747610092163e-01 4.945932701230049133e-02 -2.689486145973205566e-01 -6.616926938295364380e-02 6.126660481095314026e-02 -5.569599196314811707e-02 6.833254545927047729e-02 -8.296776562929153442e-02 3.776387870311737061e-02 2.577634528279304504e-02 -1.880813091993331909e-01 -1.041707172989845276e-01 -6.826154887676239014e-02
-6.034960150718688965e-01 6.378647685050964355e-01 -6.537354588508605957e-01 -3.906960189342498779e-01 5.955207943916320801e-01 -5.251901149749755859e-01 -2.409907616674900055e-02 2.456059008836746216e-01 6.623575687408447266e-01 6.321929097175598145e-01 2.040738165378570557e-01 -7.436796426773071289e-01 -7.828050851821899414e-01 -3.250174522399902344e-01 -2.575821280479431152e-01 -4.417311847209930420e-01 -4.059790819883346558e-02 -5.791221261024475098e-01 5.822680592536926270e-01 4.021084606647491455e-01
-7.342195510864257812e-02 -2.302437787875533104e-04 -4.907337203621864319e-02 1.753000728785991669e-02 3.308577537536621094e-01 -3.927531540393829346e-01 1.319566741585731506e-02 6.793361902236938477e-02 1.646876335144042969e-01 -1.232769861817359924e-01 -2.545432448387145996e-01 -1.039534881711006165e-01 -2.835197746753692627e-01 -2.852391600608825684e-01 -2.306751608848571777e-01 1.841209381818771362e-01 2.469228655099868774e-01 -1.009198427200317383e-01 2.800179421901702881e-01 8.957423269748687744e-02
5.604922771453857422e-01 2.587123215198516846e-01 3.978003561496734619e-01 6.362507492303848267e-02 -3.509024158120155334e-02 3.612960502505302429e-02 1.096082478761672974e-01 2.823448553681373596e-02 -1.864779889583587646e-01 4.431325942277908325e-03 -3.805574402213096619e-02 -7.598263770341873169e-02 -2.168515324592590332e-01 -1.430950015783309937e-01 -1.170319467782974243e-01 2.853271067142486572e-01 4.080766141414642334e-01 3.806725442409515381e-01 1.383937895298004150e-01 -6.980671286582946777e-01
6.132784485816955566e-01 -7.751305699348449707e-01 2.804246246814727783e-01 1.434320360422134399e-01 -3.728712499141693115e-01 3.448860347270965576e-01 -2.040492556989192963e-02 -1.727005988359451294e-01 -1.180916905403137207e+00 -3.058381378650665283e-01 -2.134816348552703857e-01 3.127679526805877686e-01 -1.340257525444030762e-01 1.592014878988265991e-01 -1.044708043336868286e-01 2.275183051824569702e-01 3.041105270385742188e-01 9.990990906953811646e-02 -4.547783732414245605e-01 -2.510419189929962158e-01
3.750637546181678772e-02 1.277343481779098511e-01 4.398182034492492676e-02 -3.127880394458770752e-01 1.951207965612411499e-01 3.626053035259246826e-01 1.321852654218673706e-01 -4.207490943372249603e-03 1.393157392740249634e-01 -6.085582077503204346e-02 1.995462328195571899e-01 1.213380023837089539e-01 -1.556327939033508301e-01 -6.907895207405090332e-02 -6.732387095689773560e-02 2.331824600696563721e-02 1.163178011775016785e-01 -1.457981169223785400e-01 8.713679760694503784e-02 -2.474122308194637299e-02
3.171721473336219788e-02 -2.501296065747737885e-02 -3.326665759086608887e-01 -3.475188016891479492e-01 2.027568668127059937e-01 -1.340139508247375488e-01 -2.098353505134582520e-01 -2.646740153431892395e-02 -3.971585631370544434e-01 -7.569434493780136108e-02 2.067867219448089600e-01 3.415482342243194580e-01 -2.044593691825866699e-01 6.532826274633407593e-02 2.839381992816925049e-01 1.512836962938308716e-01 2.182624489068984985e-01 -6.097369268536567688e-02 -4.194593131542205811e-01 1.899103261530399323e-02
7.298886030912399292e-02 -1.870674192905426025e-01 1.805993765592575073e-01 -6.374255567789077759e-02 -3.014091551303863525e-01 5.479711294174194336e-01 -2.066830843687057495e-01 -2.474124282598495483e-01 -4.475870132446289062e-01 1.352469325065612793e-01 -4.502066373825073242e-01 4.177208244800567627e-01 3.114604353904724121e-01 3.767388164997100830e-01 -1.945140808820724487e-01 2.459730654954910278e-01 9.456340223550796509e-02 5.520948171615600586e-01 -3.993402421474456787e-01 1.317166239023208618e-01
1.657720655202865601e-01 -3.390332162380218506e-01 2.469505220651626587e-01 2.326158583164215088e-01 -2.987104654312133789e-01 8.658159524202346802e-02 1.129186525940895081e-01 -8.658335544168949127e-03 -4.807484801858663559e-03 3.462567925453186035e-02 2.251780033111572266e-01 2.713011205196380615e-01 -2.559000253677368164e-01 -8.813431859016418457e-02 1.778148561716079712e-01 1.745335608720779419e-01 1.432541161775588989e-01 -8.340387046337127686e-02 1.736368052661418915e-02 4.793158173561096191e-02
1.456910371780395508e-01 -9.489873796701431274e-02 -3.852075636386871338e-01 1.312395930290222168e-02 -1.294290423393249512e-01 3.346603512763977051e-01 -1.755063235759735107e-02 -5.083903074264526367e-01 -2.365394085645675659e-01 2.165119647979736328e-01 -6.892199069261550903e-02 -2.126509696245193481e-01 3.277934491634368896e-01 7.264113426208496094e-02 -1.349551379680633545e-01 4.337359070777893066e-01 9.730290621519088745e-02 2.142339497804641724e-01 -3.844166547060012817e-02 -4.555087983608245850e-01
-6.762693822383880615e-02 -6.256031990051269531e-02 -2.405533008277416229e-02 1.315465942025184631e-02 -3.416104242205619812e-02 -9.250139445066452026e-02 3.199251294136047363e-01 8.379217982292175293e-02 -1.910137534141540527e-01 5.701951310038566589e-02 3.312269225716590881e-02 -2.131350040435791016e-01 8.543958514928817749e-02 -4.559580236673355103e-02 9.671974182128906250e-02 -1.118476465344429016e-01 -1.361263357102870941e-02 1.482201218605041504e-01 3.160946965217590332e-01 -1.329556852579116821e-01
1.678753048181533813e-01 -2.804620862007141113e-01 2.876804471015930176e-01 1.115293204784393311e-01 -4.120214283466339111e-01 4.075286537408828735e-02 4.303651154041290283e-01 -6.191887892782688141e-03 -6.695781946182250977e-01 5.405078455805778503e-02 -7.214208245277404785e-01 4.606728907674551010e-03 -2.367475032806396484e-01 6.247203797101974487e-02 2.510214149951934814e-01 -3.421627450734376907e-03 -1.437393128871917725e-01 3.500426709651947021e-01 -2.247817516326904297e-01 -3.794103562831878662e-01
