-3.122671693563461304e-02
-2.710558660328388214e-02
7.645506411790847778e-02
2.757804933935403824e-03
3.174257278442382812e-02
6.772889941930770874e-02
-9.652575477957725525e-03
5.560443736612796783e-03
1.588723063468933105e-02
-1.620826572179794312e-01
2.974255569279193878e-02
-3.840266913175582886e-02
3.377228081226348877e-01
-1.405539270490407944e-02
-1.059092581272125244e-02
7.072141021490097046e-02
1.213461998850107193e-02
2.449142001569271088e-02
4.226384684443473816e-03
5.653060600161552429e-02
