-1.644166409969329834e-01 -5.954175591468811035e-01 -2.465782314538955688e-02 -3.294231295585632324e-01 8.833433687686920166e-02 -1.903189271688461304e-01 -1.734577417373657227e-01 2.272032499313354492e-01 1.720292717218399048e-01 1.449390202760696411e-01 1.186488792300224304e-01 2.786634862422943115e-01 1.749983727931976318e-01 -2.551586180925369263e-02 -1.104942522943019867e-02 8.081483840942382812e-02 1.022835168987512589e-02 1.468496210873126984e-02 2.083445042371749878e-01 -3.160797655582427979e-01
7.912617176771163940e-02 4.049441963434219360e-02 -1.474966406822204590e-01 2.202877402305603027e-01 -5.897770822048187256e-02 1.045008748769760132e-01 -5.899608135223388672e-02 3.845662474632263184e-01 2.326030284166336060e-01 -2.425584495067596436e-01 3.248924911022186279e-01 -1.925115585327148438e-01 2.519809901714324951e-01 -1.611268669366836548e-01 3.741375207901000977e-01 -2.244505733251571655e-01 -1.615154370665550232e-02 -1.184606328606605530e-01 1.128840148448944092e-01 3.502464294433593750e-02
-2.452196031808853149e-01 -3.643611967563629150e-01 -1.016820818185806274e-01 2.564187943935394287e-01 -2.440214008092880249e-01 -3.271454572677612305e-01 2.000118046998977661e-01 2.407284379005432129e-01 -8.010935969650745392e-03 5.585370585322380066e-02 -6.775438785552978516e-02 -1.047686040401458740e-01 -5.542609095573425293e-01 4.014548957347869873e-01 1.662516780197620392e-02 -3.837179541587829590e-01 2.437376827001571655e-01 1.170718073844909668e-01 -3.036787509918212891e-01 -4.138193279504776001e-02
-1.243920996785163879e-02 3.827963396906852722e-02 1.775427758693695068e-01 -1.436072438955307007e-01 6.773671507835388184e-02 -3.679137527942657471e-01 -5.289055779576301575e-02 3.060700595378875732e-01 -1.969511806964874268e-01 -4.752454757690429688e-01 -3.664107918739318848e-01 -9.212423861026763916e-02 9.753853082656860352e-02 5.693991780281066895e-01 1.897962577641010284e-02 -3.042160868644714355e-01 -1.057681068778038025e-01 -1.727798432111740112e-01 2.416128367185592651e-01 9.075484424829483032e-02
6.627702713012695312e-02 4.731171429157257080e-01 1.370052695274353027e-01 2.415165901184082031e-01 5.890665203332901001e-02 -5.765346288681030273e-01 -1.654357016086578369e-01 3.759121149778366089e-02 3.407448530197143555e-01 -4.310183525085449219e-01 1.450424194335937500e-01 1.499763727188110352e-01 -2.339663542807102203e-02 -2.845138125121593475e-02 2.083498835563659668e-01 6.378987431526184082e-01 3.476127609610557556e-02 -2.149285227060317993e-01 -1.156528890132904053e-01 -5.746432393789291382e-02
9.184385091066360474e-02 -1.929704695940017700e-01 1.773269474506378174e-01 3.694362342357635498e-01 2.268625199794769287e-01 1.479131132364273071e-01 -4.839001595973968506e-01 1.508946120738983154e-01 2.791891396045684814e-01 -5.211575031280517578e-01 9.149195998907089233e-02 2.919911742210388184e-01 4.133418202400207520e-01 -5.134288072586059570e-01 -2.127830311655998230e-02 1.644026190042495728e-01 2.066840678453445435e-01 2.988815009593963623e-01 2.917749881744384766e-01 2.433792129158973694e-02
4.122112095355987549e-01 -1.727456897497177124e-01 1.841134279966354370e-01 7.688838988542556763e-02 -1.106502860784530640e-01 -3.303530812263488770e-02 -3.386293351650238037e-01 -9.190794825553894043e-02 2.132139801979064941e-01 -1.670476943254470825e-01 -3.449212312698364258e-01 3.064396381378173828e-01 2.539941109716892242e-02 -7.786209462210536003e-04 -2.042207121849060059e-01 -1.624484360218048096e-01 -1.992425620555877686e-01 -1.432930119335651398e-02 7.279822975397109985e-02 -3.636973500251770020e-01
-3.840556144714355469e-01 -8.435318246483802795e-03 -3.457179069519042969e-01 5.676633715629577637e-01 2.071640342473983765e-01 -2.634077072143554688e-01 -2.560587525367736816e-01 -2.146263867616653442e-01 -4.401855170726776123e-01 1.280086785554885864e-01 1.166567485779523849e-02 -5.647961795330047607e-02 3.276608884334564209e-02 -5.274651199579238892e-02 1.351945847272872925e-01 1.416628509759902954e-01 1.606636047363281250e-01 2.542022168636322021e-01 -5.833029150962829590e-01 2.893255650997161865e-01
5.347396060824394226e-02 -5.029827728867530823e-02 -5.328470468521118164e-02 -3.632706105709075928e-01 1.488894671201705933e-01 -2.402032911777496338e-01 6.430400907993316650e-02 -3.990668356418609619e-01 -1.990533471107482910e-01 1.271219849586486816e-01 8.743957616388797760e-03 -4.974986016750335693e-01 5.909009650349617004e-02 -2.427634447813034058e-01 6.910743713378906250e-01 -8.023133128881454468e-02 1.493529379367828369e-01 -1.098741143941879272e-01 -1.531313955783843994e-01 -2.970296442508697510e-01
2.714003026485443115e-01 2.779898345470428467e-01 9.393976628780364990e-02 -7.486393302679061890e-02 2.876325845718383789e-01 4.295336008071899414e-01 -5.247269570827484131e-02 4.171760752797126770e-03 -1.614681631326675415e-01 1.656210422515869141e-01 2.484833449125289917e-01 -2.406920641660690308e-01 4.330271780490875244e-01 7.708982098847627640e-03 -5.757329612970352173e-02 -1.676179319620132446e-01 1.100744828581809998e-01 1.044248193502426147e-01 -5.957157164812088013e-02 2.247128635644912720e-01
1.693438738584518433e-01 1.432162523269653320e-01 4.746015742421150208e-02 2.361404895782470703e-01 -2.283920794725418091e-01 -1.232211738824844360e-01 -6.066698580980300903e-02 -6.253292411565780640e-02 -9.436797350645065308e-02 7.771347165107727051e-01 1.484524011611938477e-01 -3.083972334861755371e-01 -3.450043499469757080e-01 -3.581872880458831787e-01 -3.660165965557098389e-01 2.787031233310699463e-01 -1.024782508611679077e-01 2.342595010995864868e-01 1.368242353200912476e-01 -8.568524569272994995e-02
-2.095298320055007935e-01 -3.849773854017257690e-02 1.068313233554363251e-02 -1.310278624296188354e-01 -6.335348635911941528e-02 4.945259988307952881e-01 3.092813119292259216e-02 8.489673025906085968e-03 -1.213345210999250412e-02 4.601630568504333496e-01 2.954058647155761719e-01 -1.616617441177368164e-01 3.967079147696495056e-02 1.028308719396591187e-01 3.818798437714576721e-02 4.260078966617584229e-01 6.713601946830749512e-02 -3.340126201510429382e-02 2.801129519939422607e-01 -3.815770447254180908e-01
-1.219697669148445129e-01 4.943359643220901489e-02 1.443051993846893311e-01 -1.430560797452926636e-01 -2.871562726795673370e-02 2.567772865295410156e-01 -1.897679120302200317e-01 -3.281463682651519775e-02 -1.110835298895835876e-01 -1.270517427474260330e-02 -5.061706900596618652e-02 1.876763999462127686e-01 2.864696681499481201e-01 1.931082159280776978e-01 -3.583639264106750488e-01 -1.506084054708480835e-01 1.420220546424388885e-02 7.084988057613372803e-02 3.247521817684173584e-01 2.645612061023712158e-01
-4.053894802927970886e-02 1.754363179206848145e-01 -8.288446068763732910e-02 1.026663854718208313e-01 1.252490580081939697e-01 -9.589910507202148438e-02 -1.431095600128173828e-01 -1.886375695466995239e-01 -7.973232865333557129e-02 4.221427738666534424e-01 -1.008239611983299255e-01 -1.080647483468055725e-01 -2.300152480602264404e-01 1.178809702396392822e-01 -2.454006671905517578e-02 -2.584096789360046387e-01 -3.495864272117614746e-01 -6.324523687362670898e-02 -1.378822624683380127e-01 -4.016600847244262695e-01
1.754351705312728882e-01 -2.823227643966674805e-01 -1.197684332728385925e-01 -2.696132063865661621e-01 3.343460857868194580e-01 8.391062170267105103e-02 2.122953981161117554e-01 5.118904635310173035e-02 2.156004756689071655e-01 1.007653679698705673e-02 -3.567621707916259766e-01 5.506895780563354492e-01 -2.989781200885772705e-01 1.501619666814804077e-01 -1.200741082429885864e-01 3.202140033245086670e-01 -4.770987480878829956e-02 2.882204055786132812e-01 2.178864330053329468e-01 -1.808805204927921295e-02
-2.333540022373199463e-01 -1.028552427887916565e-01 1.047868952155113220e-01 8.403650671243667603e-02 1.624764502048492432e-01 5.979935079813003540e-02 -1.030437573790550232e-01 -3.120355308055877686e-01 -6.718408316373825073e-02 7.387216091156005859e-01 8.370612263679504395e-01 -6.222137808799743652e-01 -1.680210679769515991e-01 1.458746492862701416e-01 1.660792082548141479e-01 -7.392522692680358887e-02 -7.247535139322280884e-02 -3.505795896053314209e-01 -1.019425168633460999e-01 -5.767253637313842773e-01
1.682897359132766724e-01 -1.080466806888580322e-01 3.923050463199615479e-01 1.457208395004272461e-01 5.799414590001106262e-02 2.497922927141189575e-01 3.300144672393798828e-01 -1.040556132793426514e-01 -1.699535846710205078e-01 -2.546971142292022705e-01 -3.300041258335113525e-01 -1.267528086900711060e-01 6.039633750915527344e-01 1.497529298067092896e-01 3.922407701611518860e-02 1.666017025709152222e-01 -1.123782992362976074e-02 -3.892843052744865417e-02 -1.631980240345001221e-01 3.116779625415802002e-01
-1.538553833961486816e-01 -4.987972602248191833e-02 -4.304698109626770020e-01 2.412293106317520142e-01 -2.611099481582641602e-01 1.913415044546127319e-01 3.799200952053070068e-01 -6.013327836990356445e-02 -2.063594385981559753e-02 9.733120352029800415e-02 2.342109382152557373e-01 8.312521874904632568e-02 2.203490734100341797e-01 -1.097662653774023056e-02 -3.997071683406829834e-01 8.717437088489532471e-02 -1.109332814812660217e-01 -2.735545635223388672e-01 6.722187995910644531e-02 -4.091048836708068848e-01
-5.008744597434997559e-01 1.415937095880508423e-01 -3.165431022644042969e-01 -3.346358835697174072e-01 1.242898181080818176e-01 -3.893833979964256287e-02 -9.776922315359115601e-02 -1.160892844200134277e-01 -2.444879412651062012e-01 3.272488713264465332e-01 -1.884436234831809998e-02 8.914285898208618164e-02 3.900989517569541931e-02 1.728388369083404541e-01 -2.260348796844482422e-01 -7.334712892770767212e-02 7.284831255674362183e-02 -2.855878174304962158e-01 -2.002098560333251953e-01 -1.156637594103813171e-01
9.666521847248077393e-02 9.307090193033218384e-02 4.017054140567779541e-01 -3.617593348026275635e-01 3.815696388483047485e-02 -4.489600658416748047e-01 -8.274300396442413330e-02 5.536617636680603027e-01 -3.085937798023223877e-01 -2.910867929458618164e-01 -1.372728794813156128e-01 2.355212271213531494e-01 1.183271706104278564e-01 -3.416868746280670166e-01 -2.098912894725799561e-01 -9.823518246412277222e-02 -1.369997113943099976e-01 2.270456105470657349e-01 2.996133863925933838e-01 -1.411443948745727539e-01
