1.730403155088424683e-01
-1.968920379877090454e-01
3.475785255432128906e-02
1.709705963730812073e-02
-2.210167348384857178e-01
1.428450644016265869e-01
-7.081789523363113403e-02
-6.942658126354217529e-02
-3.296711444854736328e-01
-3.757147490978240967e-02
-3.728381395339965820e-01
7.619402557611465454e-02
4.199487343430519104e-02
1.028913557529449463e-01
8.549980074167251587e-02
6.102096661925315857e-02
3.372796252369880676e-02
7.540103793144226074e-02
-3.591150641441345215e-01
-1.550825964659452438e-02
