-7.941514253616333008e-03
-1.891301721334457397e-01
-2.646394670009613037e-01
1.523276865482330322e-01
3.473503887653350830e-02
-1.161639317870140076e-01
-7.692693918943405151e-02
3.416389524936676025e-01
-1.528500765562057495e-01
-1.709408164024353027e-01
4.353910684585571289e-02
4.112933576107025146e-01
1.923875808715820312e-01
1.355663966387510300e-02
2.615060657262802124e-03
-7.415951043367385864e-02
-3.005503118038177490e-01
1.128925457596778870e-01
7.443169504404067993e-02
-1.426924914121627808e-01
