-7.596541941165924072e-02
2.815028131008148193e-01
1.322131603956222534e-02
3.567082807421684265e-02
1.062411814928054810e-01
9.045305103063583374e-02
-2.500594593584537506e-02
-3.114495612680912018e-02
1.300003975629806519e-01
1.564456075429916382e-01
3.513582423329353333e-02
-2.513782586902379990e-03
1.657183654606342316e-02
2.453171089291572571e-02
5.638133152388036251e-04
-1.079540420323610306e-02
-2.653439156711101532e-02
4.142035543918609619e-02
1.147407591342926025e-01
-9.107812307775020599e-03
