-9.085018187761306763e-02
5.961739923804998398e-03
6.050524301826953888e-03
-2.043833881616592407e-01
4.269425943493843079e-02
1.041086483746767044e-02
-2.787609584629535675e-02
-3.112216014415025711e-03
-1.086853630840778351e-02
8.111119270324707031e-02
-1.179150268435478210e-01
5.141422525048255920e-02
1.949506811797618866e-02
2.742596156895160675e-02
4.646544530987739563e-02
-1.796639896929264069e-02
-8.545555174350738525e-02
2.648779191076755524e-02
2.640935778617858887e-02
-4.081711545586585999e-02
