6.202145814895629883e-01 -5.581843256950378418e-01 2.632195353507995605e-01 -8.483289927244186401e-02 -5.153511762619018555e-01 2.250399142503738403e-01 -1.587534397840499878e-01 -1.488163173198699951e-01 -3.265891075134277344e-01 -4.141158163547515869e-01 1.668822616338729858e-01 -3.501072525978088379e-02 6.200488284230232239e-02 5.277036130428314209e-02 2.492413669824600220e-01 3.599038422107696533e-01 2.058679312467575073e-01 -2.146972566843032837e-01 -2.203078269958496094e-01 7.653038017451763153e-03
2.575365304946899414e-01 -2.050242125988006592e-01 4.789542853832244873e-01 2.682098746299743652e-01 1.020582020282745361e-01 -1.875113509595394135e-02 2.975443303585052490e-01 4.078796878457069397e-02 -3.647674024105072021e-01 -3.624714612960815430e-01 -6.728433966636657715e-01 -3.066554069519042969e-01 -1.971944272518157959e-01 3.557801842689514160e-01 1.323761790990829468e-01 7.581577301025390625e-01 -1.252501308917999268e-01 2.025372236967086792e-01 3.474563732743263245e-02 -5.339339002966880798e-02
1.708762049674987793e-01 -1.666351035237312317e-02 1.965300887823104858e-01 1.618317067623138428e-01 2.732044756412506104e-01 5.020244121551513672e-01 -2.161368876695632935e-01 1.727921962738037109e-01 -2.993185520172119141e-01 2.218372225761413574e-01 2.914934754371643066e-01 1.146599724888801575e-01 7.915773987770080566e-02 -2.912483364343643188e-02 7.426543626934289932e-03 2.561507225036621094e-01 -3.651312589645385742e-01 -1.170214116573333740e-01 1.337509900331497192e-01 1.069832593202590942e-01
5.861203372478485107e-02 6.128624677658081055e-01 3.922297656536102295e-01 4.711795747280120850e-01 2.587453424930572510e-01 -2.982148230075836182e-01 -3.245458751916885376e-02 -5.931174159049987793e-01 1.480416059494018555e-01 7.424041032791137695e-01 6.126186251640319824e-01 -8.168609738349914551e-01 3.884381055831909180e-01 7.838213443756103516e-02 6.041414737701416016e-01 1.764394789934158325e-01 -5.100483894348144531e-01 1.145926952362060547e+00 9.192499518394470215e-02 -6.830548048019409180e-01
3.290945589542388916e-01 1.448933631181716919e-01 -1.097355708479881287e-01 2.947167456150054932e-01 -6.254066526889801025e-02 2.484762817621231079e-01 -2.564890682697296143e-01 5.957744643092155457e-02 -3.988026082515716553e-02 -5.397146567702293396e-02 6.600910425186157227e-02 1.932952255010604858e-01 2.554017901420593262e-01 -2.191084772348403931e-01 5.878394842147827148e-02 -1.313933581113815308e-01 1.030657161027193069e-02 -4.022933244705200195e-01 4.348756968975067139e-01 -1.283502727746963501e-01
-6.871116161346435547e-02 -3.295741081237792969e-01 -6.364164291881024837e-04 -7.869993336498737335e-03 9.306034445762634277e-02 -3.264352679252624512e-01 -1.751147806644439697e-01 2.616314888000488281e-01 -3.023477271199226379e-02 7.913386076688766479e-02 -5.848000943660736084e-02 1.949221491813659668e-01 2.017595767974853516e-01 1.798797845840454102e-01 5.936074256896972656e-02 -3.109704256057739258e-01 -2.007775902748107910e-01 1.504115462303161621e-01 5.852811969816684723e-03 -2.563925087451934814e-01
6.212679147720336914e-01 5.531076714396476746e-02 3.586727082729339600e-01 -5.714039131999015808e-02 -4.362869560718536377e-01 1.744310110807418823e-01 2.391243278980255127e-01 -4.548717662692070007e-02 -6.359913349151611328e-01 -2.218880057334899902e-01 -7.041056752204895020e-01 -3.743157684803009033e-01 -3.937435746192932129e-01 1.462455000728368759e-02 2.374003380537033081e-01 5.890626311302185059e-01 1.732093165628612041e-03 2.504470348358154297e-01 -1.452669352293014526e-01 -5.107366666197776794e-02
-3.800721839070320129e-02 -3.765048980712890625e-01 -3.007169999182224274e-02 -7.829172164201736450e-02 -3.811176493763923645e-02 -6.996275484561920166e-02 -3.384514153003692627e-01 -1.825517416000366211e-01 -1.758821606636047363e-01 -3.653035461902618408e-01 -3.499512970447540283e-01 -1.962853223085403442e-02 -1.108208149671554565e-01 -1.103543043136596680e-01 1.843649707734584808e-02 2.426132559776306152e-01 -3.931246995925903320e-01 -4.407143592834472656e-01 -2.031458914279937744e-01 -4.749885573983192444e-02
3.386615514755249023e-01 4.444546103477478027e-01 2.654903233051300049e-01 -2.794823944568634033e-01 2.543330192565917969e-01 -5.172111392021179199e-01 9.057532250881195068e-02 1.364645361900329590e-01 1.619653999805450439e-01 -3.799258545041084290e-02 2.413711100816726685e-01 -9.270886331796646118e-02 -1.288804709911346436e-01 1.186920031905174255e-01 2.276977151632308960e-01 3.218432962894439697e-01 -2.276857644319534302e-01 -3.635567426681518555e-02 6.710150837898254395e-02 2.113418728113174438e-01
5.637703463435173035e-02 2.735950052738189697e-01 1.804531365633010864e-02 5.485714646056294441e-04 4.750670865178108215e-02 -8.734444528818130493e-02 -2.413266599178314209e-01 -3.156875669956207275e-01 -2.182361334562301636e-01 3.747136518359184265e-02 1.643560528755187988e-01 -2.949355728924274445e-02 -2.196579128503799438e-01 6.865431070327758789e-01 2.889264523983001709e-01 2.821226119995117188e-01 -2.242825627326965332e-01 -8.735426515340805054e-02 3.364819288253784180e-01 1.926571577787399292e-01
5.836818739771842957e-02 -2.507385015487670898e-01 9.331311099231243134e-03 -1.174220144748687744e-01 4.386491477489471436e-01 -3.349465727806091309e-01 -1.734190732240676880e-01 -2.771533429622650146e-01 2.987440908327698708e-03 -2.908752560615539551e-01 2.197707593441009521e-01 -2.539580762386322021e-01 9.197012335062026978e-02 3.404398635029792786e-02 2.215521037578582764e-01 -1.748268157243728638e-01 -1.446583308279514313e-02 5.755101144313812256e-02 -4.777618348598480225e-01 2.226567119359970093e-01
2.462169826030731201e-01 -9.415434300899505615e-02 1.464531272649765015e-01 -5.303169786930084229e-02 1.380878984928131104e-01 1.725814491510391235e-01 1.803092062473297119e-01 1.114537492394447327e-01 1.608144193887710571e-01 1.549042016267776489e-01 2.675198018550872803e-01 -1.345391664654016495e-02 -1.219369918107986450e-01 -4.513798356056213379e-01 -1.099975407123565674e-01 8.470479398965835571e-02 3.874504864215850830e-01 -7.592547684907913208e-02 3.550511896610260010e-01 2.160974778234958649e-02
2.859663963317871094e-01 -5.564717575907707214e-02 1.989265382289886475e-01 8.279726654291152954e-02 -2.048295140266418457e-01 2.652275264263153076e-01 -3.582353591918945312e-01 -1.915962696075439453e-01 -1.367464363574981689e-01 -2.245306819677352905e-01 1.447594910860061646e-01 1.984501034021377563e-01 -4.096890985965728760e-01 2.779071033000946045e-02 1.839040964841842651e-02 1.821814030408859253e-01 1.744793653488159180e-01 3.557075262069702148e-01 2.574690878391265869e-01 2.057900577783584595e-01
1.143726706504821777e-01 6.253641098737716675e-02 -7.120615802705287933e-03 1.176529228687286377e-01 2.878786921501159668e-01 9.152570366859436035e-02 -2.682179510593414307e-01 -2.623607404530048370e-02 -2.544975280761718750e-02 -1.745053380727767944e-02 -3.688031733036041260e-01 2.014008015394210815e-01 1.944498866796493530e-01 -2.709084749221801758e-01 -6.358142197132110596e-02 7.248945534229278564e-02 6.238269805908203125e-02 2.125598639249801636e-01 1.286202818155288696e-01 3.864757716655731201e-02
9.455564618110656738e-02 1.383223980665206909e-01 -2.495188564062118530e-01 -1.222213506698608398e-01 -3.017919361591339111e-01 9.806673973798751831e-02 3.264845609664916992e-01 3.754438087344169617e-02 2.427618950605392456e-02 -1.118342950940132141e-01 6.892544683068990707e-03 -1.130136623978614807e-01 -1.567896008491516113e-01 -4.827596247196197510e-01 -1.766928285360336304e-01 3.999478518962860107e-01 3.319109380245208740e-01 -4.495314359664916992e-01 -2.041501998901367188e-01 1.436052564531564713e-02
-1.696717808954417706e-03 -1.631735414266586304e-01 3.744175136089324951e-01 1.463811993598937988e-01 -1.078881472349166870e-01 3.436512351036071777e-01 3.385489881038665771e-01 -3.047622740268707275e-01 -2.148250192403793335e-01 -2.396948188543319702e-01 -1.164457015693187714e-02 -5.483447909355163574e-01 1.403437256813049316e-01 3.478449652902781963e-04 -2.193380594253540039e-01 -9.514685720205307007e-02 -1.285295784473419189e-01 1.142468303442001343e-01 -2.595323137938976288e-02 1.162458285689353943e-01
-3.655691072344779968e-02 -1.998664736747741699e-01 -3.019923269748687744e-01 -1.367249935865402222e-01 1.230389773845672607e-01 4.545200243592262268e-02 -2.675146050751209259e-02 -1.422588825225830078e-01 5.310351774096488953e-02 -1.721673905849456787e-01 -2.692068815231323242e-01 -1.090848445892333984e-01 5.800483748316764832e-02 -1.844438016414642334e-01 -1.657614558935165405e-01 -2.297486364841461182e-01 -3.098918683826923370e-02 -1.973502784967422485e-01 1.899743527173995972e-01 2.110011279582977295e-01
-2.110762149095535278e-01 -6.462292373180389404e-02 1.180858258157968521e-02 4.344450831413269043e-01 -3.329237103462219238e-01 -1.309622079133987427e-01 2.189340069890022278e-02 1.734510958194732666e-01 3.124588429927825928e-01 2.690615952014923096e-01 1.240773033350706100e-02 1.268426328897476196e-01 2.937098145484924316e-01 -2.195534557104110718e-01 1.297704875469207764e-01 4.841456934809684753e-02 3.617104515433311462e-02 -3.060921430587768555e-01 -2.585685625672340393e-02 2.862184047698974609e-01
1.645894646644592285e-01 -5.303337424993515015e-02 3.924127817153930664e-01 -1.108265370130538940e-01 9.408110380172729492e-02 1.733801364898681641e-01 2.727514505386352539e-01 6.742716580629348755e-02 1.319536659866571426e-02 9.058335423469543457e-02 1.112355887889862061e-01 -5.127095580101013184e-01 -2.350346297025680542e-01 -1.155930454842746258e-03 1.126193180680274963e-01 -2.012937664985656738e-01 -2.912241220474243164e-01 1.012942716479301453e-01 -1.168416067957878113e-01 -8.052813261747360229e-02
-2.338852286338806152e-01 -5.235357284545898438e-01 3.134294599294662476e-02 2.286093868315219879e-02 2.236203253269195557e-01 -8.180413395166397095e-02 6.721525639295578003e-02 -1.085541769862174988e-02 3.349123597145080566e-01 -5.665852427482604980e-01 -1.383474916219711304e-01 -2.169351726770401001e-01 3.869386389851570129e-02 1.143598705530166626e-01 2.159561216831207275e-01 -2.613119781017303467e-01 2.189437896013259888e-01 -1.090796291828155518e-01 1.069523543119430542e-01 -1.478859931230545044e-01
