-2.790432870388031006e-01
-3.254069387912750244e-02
4.267683327198028564e-01
-4.033326804637908936e-01
-1.855939626693725586e-01
2.711975276470184326e-01
7.795388996601104736e-02
-7.420440316200256348e-01
4.940578043460845947e-01
7.222511768341064453e-01
-1.264983564615249634e-01
-1.965667009353637695e-01
-5.751017928123474121e-01
3.434944152832031250e-01
1.865898370742797852e-01
4.783915579319000244e-01
3.109250068664550781e-01
-1.115005135536193848e+00
-1.131866201758384705e-01
-3.738666698336601257e-02
