-2.356058955192565918e-01 -1.714368462562561035e-01 4.687910079956054688e-01 -6.679851561784744263e-02 -2.779785990715026855e-01 4.049566090106964111e-01 1.876273900270462036e-01 -2.624364793300628662e-01 5.202650427818298340e-01 2.987668812274932861e-01 2.032836079597473145e-01 -5.868273973464965820e-01 -8.598750829696655273e-02 1.686865091323852539e-01 4.383282661437988281e-01 2.145252227783203125e-01 1.579608768224716187e-01 4.133630692958831787e-01 -6.305606961250305176e-01 -1.263954490423202515e-01
1.441971659660339355e-01 -5.957426428794860840e-01 -8.421212434768676758e-01 2.187097370624542236e-01 -3.575584664940834045e-02 -1.150019913911819458e-01 -4.581840634346008301e-01 5.395128130912780762e-01 -1.689826399087905884e-01 -4.462703168392181396e-01 2.036892920732498169e-01 5.993198156356811523e-01 4.559513628482818604e-01 -2.331460267305374146e-01 9.589178860187530518e-02 1.816041320562362671e-01 -3.316562473773956299e-01 2.908644080162048340e-01 1.716658174991607666e-01 -6.558275818824768066e-01
1.666675657033920288e-01 -2.286831438541412354e-01 1.155281141400337219e-01 -2.333426773548126221e-01 -1.232288479804992676e-01 1.794423349201679230e-02 -3.235207125544548035e-02 -8.481493592262268066e-02 9.111522138118743896e-02 7.851752638816833496e-02 2.265433818101882935e-01 1.113342568278312683e-01 1.300422241911292076e-03 2.389923185110092163e-01 -5.682099983096122742e-02 3.100371360778808594e-01 -1.098712347447872162e-02 3.757596611976623535e-01 -1.069876998662948608e-01 3.099823892116546631e-01
-2.757160551846027374e-02 -2.273832261562347412e-01 2.234584838151931763e-01 2.306361198425292969e-01 6.805620789527893066e-01 1.952833980321884155e-01 2.616575062274932861e-01 -1.357296109199523926e-01 -1.956610754132270813e-02 -2.653677761554718018e-01 -5.847908928990364075e-02 2.332480996847152710e-01 1.202287599444389343e-01 1.999011337757110596e-01 1.772554665803909302e-01 -4.382275640964508057e-01 -3.087564706802368164e-01 7.702361792325973511e-02 -4.298063740134239197e-02 3.071709163486957550e-02
-9.203727543354034424e-02 -1.332502365112304688e-01 -2.064096778631210327e-01 2.942249737679958344e-02 -2.391011826694011688e-02 -1.161032076925039291e-02 -1.844395697116851807e-01 1.595399379730224609e-01 -6.910121440887451172e-01 -4.129838943481445312e-01 -2.593975961208343506e-01 9.454763531684875488e-01 -1.726082265377044678e-01 -6.524693965911865234e-02 -1.936190277338027954e-01 -2.688027024269104004e-01 -6.434877514839172363e-01 2.145584970712661743e-01 3.727446869015693665e-02 -6.775356084108352661e-02
3.387197554111480713e-01 1.774245053529739380e-01 -1.169480323791503906e+00 3.279855847358703613e-01 5.378398895263671875e-01 -3.258329927921295166e-01 -2.126872390508651733e-01 7.420989871025085449e-01 -6.167759895324707031e-01 -9.796928167343139648e-01 2.956654131412506104e-01 -8.689095079898834229e-02 3.538720011711120605e-01 -4.587988555431365967e-01 -5.802621841430664062e-01 -5.744715929031372070e-01 -4.285891950130462646e-01 4.993978738784790039e-01 2.034121304750442505e-01 -2.248689532279968262e-03
-1.311204284429550171e-01 4.672753065824508667e-02 -3.793115913867950439e-01 -1.323665231466293335e-01 -1.062935367226600647e-01 8.499974757432937622e-02 1.163730397820472717e-01 1.253626048564910889e-01 -3.577228486537933350e-01 3.648392856121063232e-01 6.258537620306015015e-02 1.817410886287689209e-01 -2.357993125915527344e-01 1.495021283626556396e-01 -2.776043415069580078e-01 2.221102565526962280e-01 -4.709527269005775452e-02 1.020818874239921570e-01 9.945611655712127686e-02 2.641715854406356812e-02
-1.230590939521789551e-01 -3.024185262620449066e-02 -5.088703706860542297e-02 3.323738873004913330e-01 2.223510593175888062e-01 1.314306706190109253e-01 -6.305240839719772339e-02 -1.323333382606506348e-01 -2.160234600305557251e-01 -2.829062938690185547e-01 -1.967810988426208496e-01 1.355301868170499802e-02 1.856006979942321777e-01 2.502558529376983643e-01 -1.585700549185276031e-02 -1.342270523309707642e-01 7.736351690255105495e-04 -2.555795609951019287e-01 -1.481757014989852905e-01 2.473081201314926147e-01
2.506933510303497314e-01 -3.419540524482727051e-01 -7.311198860406875610e-02 7.618617266416549683e-02 7.308816909790039062e-02 -2.350797653198242188e-01 -4.331253170967102051e-01 1.036509051918983459e-01 -1.184089705348014832e-01 -1.270504593849182129e-01 5.305257439613342285e-01 3.102307319641113281e-01 3.479878604412078857e-01 9.913002699613571167e-02 -2.430466562509536743e-01 -1.336210370063781738e-01 -6.145835518836975098e-01 -5.882545933127403259e-02 -1.582972109317779541e-01 -1.683876365423202515e-01
3.640385111793875694e-03 -1.204432845115661621e-01 -1.735257357358932495e-01 1.341121494770050049e-01 2.799234390258789062e-01 -2.602442800998687744e-01 -3.718278184533119202e-02 3.754419982433319092e-01 -2.669657766819000244e-01 -1.463696658611297607e-01 -1.712791062891483307e-02 1.086027771234512329e-01 2.494071424007415771e-01 8.067490160465240479e-02 2.718389630317687988e-01 2.078542113304138184e-01 -5.287532806396484375e-01 -2.885647118091583252e-02 4.571138620376586914e-01 1.761809736490249634e-01
-2.409961968660354614e-01 4.151763617992401123e-01 -5.485319495201110840e-01 7.456319779157638550e-02 3.098794221878051758e-01 -2.979537844657897949e-01 -2.148324549198150635e-01 -2.086754329502582550e-02 7.349275797605514526e-02 -2.359660714864730835e-01 1.317642480134963989e-01 2.085281461477279663e-01 -5.281462073326110840e-01 -3.018907904624938965e-01 -1.091587021946907043e-01 -1.075603291392326355e-01 -3.291361331939697266e-01 1.000576838850975037e-02 -5.876037105917930603e-02 1.748893857002258301e-01
1.955082416534423828e-01 3.437339961528778076e-01 -2.103797495365142822e-01 1.444912999868392944e-01 4.055127203464508057e-01 -3.676331937313079834e-01 -2.063933014869689941e-01 -2.687565088272094727e-01 -4.994858205318450928e-01 1.093558520078659058e-01 5.436277482658624649e-03 2.188411355018615723e-01 9.236016124486923218e-02 3.403465449810028076e-01 3.627474009990692139e-01 1.832315623760223389e-01 2.742707133293151855e-01 -1.019642576575279236e-01 -9.768638759851455688e-02 -9.088605642318725586e-02
2.100600153207778931e-01 -2.380879670381546021e-01 -1.565210372209548950e-01 1.538674533367156982e-01 3.082202970981597900e-01 1.694350242614746094e-01 -1.430366337299346924e-01 3.444849550724029541e-01 -1.440307050943374634e-01 1.565907001495361328e-01 -7.616393268108367920e-03 3.298306465148925781e-01 3.571113646030426025e-01 5.385333672165870667e-02 2.413617372512817383e-01 -2.227119952440261841e-01 1.075335666537284851e-01 -5.700989626348018646e-03 -3.472689092159271240e-01 4.007300734519958496e-02
-1.368462741374969482e-01 2.698238752782344818e-02 3.132407069206237793e-01 4.007913470268249512e-01 5.821327492594718933e-02 1.194374170154333115e-02 1.553102582693099976e-01 1.203776523470878601e-01 -5.349383875727653503e-02 -1.167561858892440796e-01 1.666064187884330750e-02 -9.149131178855895996e-02 -9.217410843120887876e-05 1.398129910230636597e-01 1.263755187392234802e-02 2.517714798450469971e-01 -1.059224735945463181e-02 1.424826830625534058e-01 -1.983261704444885254e-01 -3.707750886678695679e-02
-1.944270431995391846e-01 1.617576554417610168e-02 -1.322606503963470459e-01 -1.403095573186874390e-01 1.784553192555904388e-02 -1.700197905302047729e-02 2.936603128910064697e-01 2.454435378313064575e-01 5.844761729240417480e-01 -7.999090850353240967e-02 -2.090178132057189941e-01 -9.050364047288894653e-02 -1.115857958793640137e-01 1.783297210931777954e-01 3.730637729167938232e-01 -2.583983838558197021e-01 -9.366761893033981323e-02 4.228985011577606201e-01 -4.295629262924194336e-01 5.682777762413024902e-01
-2.381871342658996582e-01 7.037591934204101562e-02 3.046267926692962646e-01 -3.799231648445129395e-01 -8.241760730743408203e-02 -3.791764378547668457e-01 1.858252435922622681e-01 -1.373287886381149292e-01 2.392975687980651855e-01 8.455550670623779297e-02 1.128033399581909180e-01 -1.728920340538024902e-01 9.233929216861724854e-02 -2.125339061021804810e-01 4.792178273200988770e-01 2.630154788494110107e-01 6.022155284881591797e-01 7.542857527732849121e-02 1.864816546440124512e-01 -2.543281912803649902e-01
1.220077723264694214e-01 7.663761079311370850e-02 -1.502825021743774414e-01 -1.143514290452003479e-01 -9.442079067230224609e-02 -9.530469030141830444e-02 1.747822463512420654e-01 3.139427304267883301e-01 4.838439822196960449e-02 2.483981102705001831e-01 -1.204745396971702576e-01 2.656609416007995605e-01 -4.885856509208679199e-01 -3.592165559530258179e-02 1.443428546190261841e-01 -4.890679940581321716e-02 1.231363639235496521e-01 -1.368504017591476440e-01 -2.380194067955017090e-01 -3.915549069643020630e-02
-7.925907522439956665e-02 1.628213189542293549e-02 -2.179053872823715210e-01 2.660485804080963135e-01 -3.219186142086982727e-02 -2.892050147056579590e-01 3.254453539848327637e-01 7.048025727272033691e-02 7.894788682460784912e-02 2.133143246173858643e-01 9.841944277286529541e-02 4.650809168815612793e-01 3.037606775760650635e-01 -4.721856862306594849e-02 1.467739138752222061e-02 1.681726127862930298e-01 -3.350295126438140869e-01 5.595493316650390625e-01 3.279375731945037842e-01 -6.959544122219085693e-02
-2.902673780918121338e-01 -1.959012150764465332e-01 -3.214246630668640137e-01 1.787982285022735596e-01 1.659706383943557739e-01 -3.875597417354583740e-01 -5.261641144752502441e-01 -3.626101016998291016e-01 -1.515349298715591431e-01 -8.786184340715408325e-02 7.743804156780242920e-02 2.256816625595092773e-01 7.628752291202545166e-02 -1.375560760498046875e-01 -2.452531456947326660e-01 -3.981094062328338623e-01 -1.129156723618507385e-01 1.674176305532455444e-01 7.529731839895248413e-02 -1.427366137504577637e-01
-1.076274663209915161e-01 2.250092625617980957e-01 -3.154492080211639404e-01 1.978572160005569458e-01 -5.373929142951965332e-01 3.362721502780914307e-01 5.699454993009567261e-02 -2.590158283710479736e-01 3.890095353126525879e-01 -2.227484732866287231e-01 1.539378166198730469e-01 4.838847219944000244e-01 2.031143009662628174e-02 -3.962484300136566162e-01 -1.571654528379440308e-01 -1.725067943334579468e-01 -2.050577104091644287e-01 -4.318338334560394287e-01 2.106463722884654999e-02 4.307365119457244873e-01
