-3.206762373447418213e-01
3.015320301055908203e-01
-3.846969902515411377e-01
4.564252197742462158e-01
5.477928519248962402e-01
1.268887817859649658e-01
-2.804793417453765869e-01
-1.077926531434059143e-01
-4.329131245613098145e-01
-2.646649479866027832e-01
5.325834751129150391e-01
-2.883478701114654541e-01
4.349129199981689453e-01
1.590606570243835449e-01
2.114420384168624878e-01
-2.371402531862258911e-01
4.554263055324554443e-01
3.242200314998626709e-01
3.582715392112731934e-01
-4.483140110969543457e-01
