1.086521074175834656e-01
-1.565414816141128540e-01
1.801085472106933594e-01
-1.927574425935745239e-01
-2.617680430412292480e-01
-6.126039102673530579e-02
-2.308220267295837402e-01
8.424973487854003906e-02
2.429705858230590820e-01
1.626793742179870605e-01
-1.099609420634806156e-03
1.457187086343765259e-01
5.205062404274940491e-02
-3.194506093859672546e-02
-7.307867705821990967e-02
2.329265512526035309e-02
-2.240164130926132202e-01
1.147857494652271271e-02
-4.833102971315383911e-02
1.274762898683547974e-01
