8.516740798950195312e-02
3.038573451340198517e-02
-3.316547349095344543e-02
9.688036888837814331e-02
7.047227770090103149e-02
1.659449376165866852e-02
-8.668282628059387207e-02
4.353684186935424805e-02
4.086632654070854187e-02
-9.198608249425888062e-02
5.873562023043632507e-02
9.454608708620071411e-02
-4.996884241700172424e-02
-4.398715216666460037e-03
-7.516902685165405273e-02
6.565061211585998535e-02
2.172404900193214417e-02
-7.575930655002593994e-02
1.397111173719167709e-02
-1.359626203775405884e-01
