9.540177881717681885e-02 -2.901211380958557129e-01 2.279389053583145142e-01 -9.221802651882171631e-02 2.209313213825225830e-02 -1.282342225313186646e-01 8.042607456445693970e-02 1.419184952974319458e-01 5.289990901947021484e-01 -5.183417350053787231e-02 1.639942824840545654e-01 -3.118634037673473358e-02 -1.712032407522201538e-01 -1.717774868011474609e-01 -3.487271070480346680e-01 1.797555536031723022e-01 -3.204079270362854004e-01 -3.044298887252807617e-01 -3.117778897285461426e-01 3.282992839813232422e-01
1.458358615636825562e-01 1.829815953969955444e-01 1.272324174642562866e-01 1.214434951543807983e-02 -3.612550199031829834e-01 -2.488364875316619873e-01 6.563954055309295654e-02 9.376573562622070312e-02 2.153444737195968628e-01 2.388690412044525146e-01 -3.822220116853713989e-02 1.792964339256286621e-01 3.629432916641235352e-01 -8.237139880657196045e-02 -1.308064758777618408e-01 1.826698631048202515e-01 -1.079262793064117432e-01 1.066048629581928253e-02 3.594334796071052551e-02 2.191382944583892822e-01
3.372373580932617188e-01 -4.108848571777343750e-01 3.670148253440856934e-01 1.931151896715164185e-01 -2.144463211297988892e-01 -2.753362357616424561e-01 -3.347212076187133789e-01 -4.892386496067047119e-02 4.303930699825286865e-01 2.240229211747646332e-02 -1.769038289785385132e-01 2.050868123769760132e-01 2.155080586671829224e-01 -3.179395794868469238e-01 5.704885348677635193e-02 -1.829787343740463257e-02 1.256596995517611504e-03 -1.238553225994110107e-01 -4.046154320240020752e-01 -6.421623378992080688e-02
8.350576274096965790e-03 -4.100646376609802246e-01 2.517736889421939850e-02 -2.286284975707530975e-02 3.393235057592391968e-02 -7.404928654432296753e-02 -7.873404771089553833e-02 3.731358051300048828e-01 -2.694126367568969727e-01 -1.326616853475570679e-01 9.243016690015792847e-02 -2.598213851451873779e-01 -4.519714117050170898e-01 -1.855971068143844604e-01 -1.781586259603500366e-01 2.222637832164764404e-01 -2.724935114383697510e-01 -2.619473636150360107e-01 -3.399123549461364746e-01 -2.000339776277542114e-01
-4.309501349925994873e-01 7.403697371482849121e-01 -5.507100224494934082e-01 5.752853751182556152e-01 1.042214870452880859e+00 2.245559692382812500e-01 4.140621721744537354e-01 -1.709664314985275269e-01 -2.885760664939880371e-01 -6.239839196205139160e-01 1.110650971531867981e-02 -4.711836278438568115e-01 1.170355007052421570e-01 2.069196105003356934e-01 6.278558969497680664e-01 -1.466436535120010376e-01 6.489711403846740723e-01 2.558110654354095459e-01 5.443767905235290527e-01 -6.007255315780639648e-01
1.939558386802673340e-01 -1.539058834314346313e-01 -4.169472157955169678e-01 -1.155029609799385071e-01 7.521290332078933716e-02 1.870578080415725708e-01 -2.036859542131423950e-01 4.701965153217315674e-01 2.615815028548240662e-03 1.289791464805603027e-01 8.151982724666595459e-02 2.685772068798542023e-02 -8.037964999675750732e-02 1.092232912778854370e-01 -2.447929829359054565e-01 -2.824600934982299805e-01 -3.475575447082519531e-01 1.839341670274734497e-01 -2.107013314962387085e-01 -2.360676229000091553e-01
-2.061851024627685547e-01 1.457388848066329956e-01 -1.138517912477254868e-02 2.261282950639724731e-01 -3.214827552437782288e-02 2.667612135410308838e-01 1.439160704612731934e-01 -4.696947336196899414e-01 2.608957886695861816e-01 2.051192522048950195e-01 2.544803917407989502e-01 1.921557635068893433e-01 3.090223371982574463e-01 3.933914005756378174e-01 3.590627014636993408e-01 -6.373233795166015625e-01 1.840004138648509979e-02 8.716519474983215332e-01 3.648717403411865234e-01 -1.044196859002113342e-01
2.117108553647994995e-01 -4.140286147594451904e-01 1.659331917762756348e-01 9.147430956363677979e-02 -1.731700301170349121e-01 -1.525728404521942139e-01 6.985385715961456299e-02 1.034924313426017761e-01 1.179379597306251526e-01 6.507882475852966309e-02 2.006838172674179077e-01 1.271184682846069336e-01 2.675812542438507080e-01 1.320350449532270432e-02 -4.693492650985717773e-01 4.148291647434234619e-01 1.389489043503999710e-02 -1.372891962528228760e-01 5.151548981666564941e-02 -3.176270052790641785e-02
2.217577211558818817e-02 2.715741693973541260e-01 -1.562040448188781738e-01 2.885452471673488617e-02 1.959872432053089142e-03 2.612635493278503418e-01 5.142229795455932617e-01 2.595142126083374023e-01 -2.376258820295333862e-01 -9.484577924013137817e-03 -3.293250799179077148e-01 -1.850706040859222412e-01 2.393617630004882812e-01 -2.360376715660095215e-01 -6.574537605047225952e-02 1.032234057784080505e-01 -2.224214226007461548e-01 1.230131611227989197e-01 -3.001825325191020966e-02 3.050480037927627563e-02
1.591263115406036377e-01 -1.643551737070083618e-01 7.154826819896697998e-02 -1.689047962427139282e-01 2.834260761737823486e-01 -5.040554404258728027e-01 5.775943398475646973e-03 3.430477678775787354e-01 2.199208289384841919e-01 7.007665932178497314e-02 6.365910172462463379e-02 2.431606799364089966e-01 2.102973610162734985e-01 -2.227699458599090576e-01 -4.152881503105163574e-01 4.132498800754547119e-01 -4.339446127414703369e-02 1.410403102636337280e-01 2.028631269931793213e-01 2.332611382007598877e-01
3.363169357180595398e-02 -1.435778886079788208e-01 2.281866595149040222e-02 -8.562579005956649780e-02 7.571669667959213257e-02 -4.719979315996170044e-02 -3.253572583198547363e-01 4.720381200313568115e-01 -1.039762981235980988e-02 2.679660618305206299e-01 -1.477441787719726562e-01 -1.928356736898422241e-01 1.833351850509643555e-01 -3.914585337042808533e-02 8.392411470413208008e-02 -1.918905675411224365e-01 2.130678594112396240e-01 -4.055223166942596436e-01 7.834640145301818848e-02 1.960526257753372192e-01
-9.473708271980285645e-02 -2.622295320034027100e-01 -4.469635784626007080e-01 -2.624241076409816742e-02 1.988021731376647949e-01 -1.820482872426509857e-02 -1.590603739023208618e-01 -4.840008020401000977e-01 -6.088495999574661255e-02 -2.035902291536331177e-01 -1.553655229508876801e-02 2.332748472690582275e-02 6.050943583250045776e-02 -1.509830206632614136e-01 -2.364915609359741211e-01 4.181109666824340820e-01 1.643904298543930054e-01 -8.296639472246170044e-02 2.820142209529876709e-01 -2.376336604356765747e-01
7.736825942993164062e-01 -2.869657278060913086e-01 1.484049409627914429e-01 -2.129021883010864258e-01 -1.054456364363431931e-02 -2.308410853147506714e-01 8.623602241277694702e-02 1.141130998730659485e-01 2.048066556453704834e-01 1.833633482456207275e-01 -2.282663583755493164e-01 8.121027052402496338e-02 1.111587584018707275e-01 -2.698069214820861816e-01 -3.249258175492286682e-02 4.849284291267395020e-01 1.930563747882843018e-01 -2.271010428667068481e-01 1.375466138124465942e-01 -2.828173637390136719e-01
5.019467473030090332e-01 -4.900970458984375000e-01 2.829454541206359863e-01 -3.526214659214019775e-01 -3.444119393825531006e-01 4.706709831953048706e-02 -3.573508560657501221e-02 -8.717914670705795288e-02 1.504333615303039551e-01 1.120486110448837280e-01 -4.894540458917617798e-02 -2.894331812858581543e-01 -3.142409622669219971e-01 -1.837757080793380737e-01 1.350439637899398804e-01 -4.024204015731811523e-01 -1.394629776477813721e-01 -5.216476693749427795e-02 4.015407860279083252e-01 2.993516027927398682e-01
-5.142914056777954102e-01 1.379695683717727661e-01 -3.253532648086547852e-01 -2.591890692710876465e-01 1.514143198728561401e-01 2.443229556083679199e-01 4.465782642364501953e-02 2.565573751926422119e-01 1.745294332504272461e-01 1.916108876466751099e-01 -3.181706368923187256e-02 -5.279441177845001221e-02 -1.114764660596847534e-01 1.147786527872085571e-01 3.154567480087280273e-01 -2.881542313843965530e-03 -1.318845003843307495e-01 -1.661347597837448120e-01 -1.570577323436737061e-01 -1.631916500627994537e-02
2.384339720010757446e-01 -4.845291674137115479e-01 -3.726674709469079971e-03 -2.969211935997009277e-01 -1.905762255191802979e-01 -3.784724324941635132e-02 -1.979638934135437012e-01 -1.396496742963790894e-01 3.874205425381660461e-02 7.455623745918273926e-01 -2.940364778041839600e-01 6.880038976669311523e-02 1.421413850039243698e-02 -2.368048019707202911e-02 -3.447128236293792725e-01 1.687043756246566772e-01 -3.302245140075683594e-01 2.420372515916824341e-01 -6.855377554893493652e-02 1.062585785984992981e-02
-5.725161433219909668e-01 1.846710219979286194e-02 -6.767269223928451538e-03 2.748599350452423096e-01 -8.540288545191287994e-03 1.042220592498779297e-01 3.236709535121917725e-02 1.085055246949195862e-01 7.134252041578292847e-02 -1.529886201024055481e-02 2.296613752841949463e-01 -2.828662283718585968e-02 8.359694480895996094e-02 8.095709979534149170e-02 -2.952741459012031555e-02 2.153829932212829590e-01 4.526353254914283752e-02 1.745049208402633667e-01 7.035079598426818848e-02 -2.955512702465057373e-01
-1.740019209682941437e-02 -3.137495219707489014e-01 -6.494394689798355103e-02 6.333155930042266846e-02 -2.329501509666442871e-01 -3.423377498984336853e-02 1.219843924045562744e-01 7.083501815795898438e-01 4.068505167961120605e-01 -1.580231785774230957e-01 2.140348702669143677e-01 -9.786932170391082764e-02 -2.792016267776489258e-01 -4.591532051563262939e-02 3.491316735744476318e-02 3.431906700134277344e-01 -3.705608099699020386e-02 5.643002688884735107e-02 2.613787353038787842e-01 -1.965592950582504272e-01
-1.966499388217926025e-01 1.019240766763687134e-01 1.347697079181671143e-01 2.005145400762557983e-01 3.488769829273223877e-01 -5.681615695357322693e-02 -8.088365197181701660e-02 1.253873407840728760e-01 -9.979803115129470825e-02 1.939159072935581207e-02 1.097496077418327332e-01 -3.119456768035888672e-01 4.479532539844512939e-01 2.196058034896850586e-01 1.277459412813186646e-01 3.151297569274902344e-02 1.702858805656433105e-01 -2.326166927814483643e-01 9.510882198810577393e-02 -1.868975311517715454e-01
-1.541438549757003784e-01 -9.307974576950073242e-02 1.883882880210876465e-01 -1.920110732316970825e-01 -2.649755477905273438e-01 2.686621062457561493e-02 -3.159490823745727539e-01 3.230682909488677979e-01 8.679918944835662842e-02 -4.531568288803100586e-02 -6.058894395828247070e-01 4.886129796504974365e-01 -2.018636614084243774e-01 -1.495679914951324463e-01 -3.181911110877990723e-01 3.033989369869232178e-01 1.587771922349929810e-01 -2.577837705612182617e-01 -2.240673750638961792e-01 -1.961760371923446655e-01
