-4.084713757038116455e-01 1.371848490089178085e-02 -9.085810184478759766e-02 1.447626296430826187e-02 2.043461501598358154e-01 2.091130912303924561e-01 -1.868767291307449341e-01 3.084466755390167236e-01 -1.503389626741409302e-01 -2.679584622383117676e-01 4.328689575195312500e-01 1.394731849431991577e-01 -5.782103165984153748e-02 1.850751489400863647e-01 -1.062648966908454895e-01 -4.268857538700103760e-01 -3.579109609127044678e-01 3.619431555271148682e-01 -2.887056469917297363e-01 2.549328096210956573e-02
5.597639679908752441e-01 3.663447201251983643e-01 3.385407030582427979e-01 1.831987649202346802e-01 -2.104759216308593750e-01 -9.459399431943893433e-02 -5.226758122444152832e-01 3.822444975376129150e-01 1.855285167694091797e-01 3.376220762729644775e-01 1.402111500501632690e-01 -3.172309994697570801e-01 1.222415417432785034e-01 5.083941221237182617e-01 2.296944558620452881e-01 1.849406659603118896e-01 -3.104967437684535980e-02 4.160577356815338135e-01 -2.998228371143341064e-01 4.986113011837005615e-01
-2.312953323125839233e-01 -2.019012570381164551e-01 4.028774797916412354e-02 -1.379044204950332642e-01 4.498172700405120850e-01 -1.097668707370758057e-01 -4.052018374204635620e-02 -3.312111794948577881e-01 -3.812809661030769348e-02 -3.323065936565399170e-01 -5.808355286717414856e-02 2.422097176313400269e-01 8.017433434724807739e-02 -5.442208051681518555e-01 -2.902399897575378418e-01 -4.635507762432098389e-01 -1.685412973165512085e-01 -2.155451625585556030e-01 1.314783841371536255e-01 -4.815615713596343994e-02
4.093648195266723633e-01 1.624060422182083130e-01 3.299218714237213135e-01 1.077695488929748535e-01 9.262412041425704956e-02 -6.075397133827209473e-02 1.894431412220001221e-01 -2.602493166923522949e-01 2.170979231595993042e-01 -3.850381970405578613e-01 2.584198117256164551e-01 -2.877996563911437988e-01 1.912743598222732544e-01 4.043014645576477051e-01 -1.226242817938327789e-02 -1.803427934646606445e-02 -2.503086626529693604e-01 4.126882255077362061e-01 -2.653200924396514893e-01 4.074351787567138672e-01
-5.413172021508216858e-02 2.024974208325147629e-03 -5.783965811133384705e-03 -9.304447099566459656e-03 -7.775014638900756836e-02 2.304961532354354858e-01 1.027189418673515320e-01 -1.369043439626693726e-01 7.667859643697738647e-02 -1.134855076670646667e-01 -4.215445220470428467e-01 4.101404547691345215e-01 4.485215619206428528e-02 2.499749064445495605e-01 2.399906218051910400e-01 7.026355713605880737e-02 -3.043843507766723633e-01 1.310951560735702515e-01 3.983563557267189026e-02 4.987549781799316406e-01
-4.443056285381317139e-01 -2.164885848760604858e-01 -1.304074674844741821e-01 -2.077609747648239136e-01 3.043406307697296143e-01 3.547963798046112061e-01 -2.161466628313064575e-01 1.885057389736175537e-01 2.905813455581665039e-01 -3.216406702995300293e-01 1.181690469384193420e-01 5.149936079978942871e-01 -2.715826928615570068e-01 -1.573574244976043701e-01 1.595346778631210327e-01 -7.476013153791427612e-02 -3.432918787002563477e-01 -1.345961242914199829e-01 -6.041902303695678711e-02 -8.876966685056686401e-02
-4.798485040664672852e-01 -1.596459001302719116e-01 -3.779170215129852295e-01 1.209549307823181152e-01 -3.559068441390991211e-01 -5.366703495383262634e-02 1.805317848920822144e-01 -2.144396007061004639e-01 -1.428322345018386841e-01 -9.951414167881011963e-02 9.416280686855316162e-02 -6.406895816326141357e-02 -1.932636052370071411e-01 -3.417873084545135498e-01 1.724754422903060913e-01 -5.385723114013671875e-01 2.880993187427520752e-01 1.005994975566864014e-01 1.085353568196296692e-01 -5.838571190834045410e-01
-1.203679740428924561e-01 -4.502510130405426025e-01 -3.406598567962646484e-01 3.225795552134513855e-02 2.178951948881149292e-01 -2.656813263893127441e-01 -1.879337877035140991e-01 -2.031795680522918701e-01 -3.348709270358085632e-02 -3.068359196186065674e-01 -5.238195136189460754e-02 -3.659847378730773926e-01 -9.494286775588989258e-02 -6.248012185096740723e-03 3.178096413612365723e-01 -5.130906030535697937e-02 -4.545984864234924316e-01 6.506738811731338501e-02 1.315852701663970947e-01 -3.767102956771850586e-02
-1.018345057964324951e-01 6.775704678148031235e-03 -8.912198990583419800e-02 2.983804345130920410e-01 2.428731322288513184e-01 5.568077564239501953e-01 -2.066012173891067505e-01 -4.647966325283050537e-01 1.310246884822845459e-01 7.185925543308258057e-02 -8.317066729068756104e-02 -4.920963943004608154e-01 -1.164946556091308594e-01 -7.703962922096252441e-02 2.162065505981445312e-01 -3.258857429027557373e-01 -3.442781567573547363e-01 -1.997123062610626221e-01 4.407016932964324951e-02 -2.984540760517120361e-01
-1.502423286437988281e-01 8.679120987653732300e-02 7.218511402606964111e-02 -2.592688202857971191e-01 6.201302632689476013e-02 -5.686239898204803467e-02 -2.127764374017715454e-01 -1.993021219968795776e-01 3.450320959091186523e-01 -9.476920962333679199e-02 -1.358646601438522339e-01 -3.697035610675811768e-01 -5.825582146644592285e-01 1.764511018991470337e-01 5.636745691299438477e-01 5.315775871276855469e-01 9.714655578136444092e-02 8.171715587377548218e-02 -5.889077205210924149e-03 -1.751045882701873779e-01
-3.441567718982696533e-02 1.928111314773559570e-01 -2.659798562526702881e-01 -3.735275864601135254e-01 8.457873761653900146e-02 -9.970514476299285889e-02 -2.243358939886093140e-01 1.576953679323196411e-01 -7.091778516769409180e-02 1.813625246286392212e-01 -2.818023413419723511e-02 1.636450737714767456e-02 -7.799342274665832520e-02 1.686879098415374756e-01 2.440542429685592651e-01 -9.142237156629562378e-02 2.012845277786254883e-01 3.115124106407165527e-01 -5.615828558802604675e-02 4.683054983615875244e-02
-4.495635330677032471e-01 9.310435503721237183e-02 -3.945511281490325928e-01 4.618155211210250854e-02 2.775782346725463867e-01 3.738797008991241455e-01 2.409166395664215088e-01 2.618358843028545380e-02 -4.148017168045043945e-01 2.218844443559646606e-01 1.226913183927536011e-01 3.875520229339599609e-01 -4.218010231852531433e-02 1.454087495803833008e-01 2.829538881778717041e-01 1.548667699098587036e-01 4.151809513568878174e-01 -2.232807576656341553e-01 -1.638113856315612793e-01 3.841953724622726440e-02
1.858910918235778809e-02 -1.299361884593963623e-01 3.749703764915466309e-01 -4.590044543147087097e-02 7.578504085540771484e-02 3.225546777248382568e-01 -5.965850353240966797e-01 -1.594599485397338867e-01 -1.052533835172653198e-01 -3.792552649974822998e-01 1.265293210744857788e-01 2.193610742688179016e-02 8.038284629583358765e-02 -8.985889144241809845e-03 -3.758801817893981934e-01 4.786895588040351868e-03 1.184699982404708862e-01 2.697051763534545898e-01 7.683774083852767944e-02 3.877638578414916992e-01
4.439671039581298828e-01 4.155366495251655579e-02 9.682123363018035889e-02 2.650960087776184082e-01 -2.784684598445892334e-01 4.419627785682678223e-01 2.322290539741516113e-01 -3.282203972339630127e-01 2.319292426109313965e-01 1.404169667512178421e-02 -2.162939310073852539e-01 -4.722034037113189697e-01 -1.662213802337646484e-01 -1.435258984565734863e-01 -2.122517675161361694e-01 9.831010550260543823e-02 1.738371849060058594e-01 3.557015657424926758e-01 -2.587610781192779541e-01 1.175765842199325562e-01
3.399677276611328125e-01 3.033829331398010254e-01 -3.341328203678131104e-01 6.405818462371826172e-02 -8.650085330009460449e-02 3.910049796104431152e-02 -9.381234995089471340e-04 3.186066821217536926e-02 3.661841154098510742e-01 1.414902508258819580e-01 1.507492959499359131e-01 -2.325396537780761719e-01 -4.197173416614532471e-01 -3.141264319419860840e-01 -1.593983173370361328e-01 -8.946091681718826294e-02 5.943026766180992126e-02 2.480116486549377441e-01 3.000622987747192383e-01 8.939611911773681641e-02
4.544557034969329834e-01 -1.485321819782257080e-01 4.112624824047088623e-01 -2.203205227851867676e-01 7.068085670471191406e-02 1.676040887832641602e-01 1.661897264420986176e-02 -4.892101511359214783e-02 -2.640007734298706055e-01 3.181720376014709473e-01 -4.341112216934561729e-04 -3.370595574378967285e-01 6.235087513923645020e-01 3.781386017799377441e-01 -6.191301345825195312e-02 -2.465031147003173828e-01 -1.024260744452476501e-01 8.626304566860198975e-02 -1.127724871039390564e-01 2.661377377808094025e-02
2.080476582050323486e-01 -5.911977589130401611e-02 6.018467992544174194e-02 3.630810081958770752e-01 2.172844558954238892e-01 1.570379287004470825e-01 -5.698082447052001953e-01 1.268025338649749756e-01 2.028400152921676636e-01 1.403391808271408081e-01 2.337707020342350006e-02 -1.735759973526000977e-01 -2.299758493900299072e-01 -4.125643670558929443e-01 6.035844609141349792e-02 -1.943224668502807617e-01 -5.208086594939231873e-02 1.970739662647247314e-01 -3.138392269611358643e-01 -1.169899329543113708e-01
2.713714540004730225e-01 3.482232615351676941e-02 -3.100821375846862793e-01 2.162235677242279053e-01 2.071483433246612549e-01 3.596927970647811890e-02 -2.229195237159729004e-01 1.750025004148483276e-01 -4.875964298844337463e-02 -1.340088695287704468e-01 2.700958847999572754e-01 -2.324270009994506836e-01 2.553597092628479004e-01 -9.462845325469970703e-02 -1.278169453144073486e-01 -9.025181829929351807e-02 3.284418582916259766e-02 -1.695436090230941772e-01 1.673972457647323608e-01 -4.586107134819030762e-01
-8.201898634433746338e-02 -2.491370141506195068e-01 -7.022643089294433594e-02 -3.006933927536010742e-01 3.383766114711761475e-01 1.314624547958374023e-01 -4.352945834398269653e-03 -8.246020972728729248e-02 1.536098420619964600e-01 1.961775869131088257e-01 -2.048197686672210693e-01 3.246473073959350586e-01 1.708366423845291138e-01 -5.643429979681968689e-02 1.702704094350337982e-02 -2.297626435756683350e-02 4.620554298162460327e-02 -1.239473074674606323e-01 2.614768445491790771e-01 4.406614303588867188e-01
-2.294272929430007935e-01 -3.186705410480499268e-01 -3.991500139236450195e-01 -9.847284108400344849e-02 3.725756704807281494e-01 -1.995702981948852539e-01 -5.213101394474506378e-03 -1.692935675382614136e-01 2.058716416358947754e-01 6.374579668045043945e-02 -1.357053369283676147e-01 4.004821777343750000e-01 -5.293183326721191406e-01 -5.393964052200317383e-01 1.435162425041198730e-01 -7.281164526939392090e-01 2.870453894138336182e-01 -4.486015737056732178e-01 -5.516887828707695007e-02 1.177078206092119217e-02
