7.670070976018905640e-02
8.876346796751022339e-02
7.502558827400207520e-02
6.810451298952102661e-02
-1.836838424205780029e-01
7.126215100288391113e-02
5.251561105251312256e-02
7.703468948602676392e-02
-1.571986973285675049e-01
1.835330948233604431e-02
3.133999183773994446e-02
-8.922423422336578369e-02
1.948305219411849976e-01
1.646954417228698730e-01
3.344102948904037476e-02
7.442722469568252563e-02
2.573155798017978668e-03
1.383389234542846680e-01
2.905409410595893860e-02
4.480526223778724670e-02
