1.775460839271545410e-01
3.412440419197082520e-02
2.684624791145324707e-01
1.409728974103927612e-01
1.727857999503612518e-02
-2.041900879703462124e-04
4.050804302096366882e-02
-1.057603582739830017e-01
-6.564303487539291382e-02
-1.384967588819563389e-03
-1.209002826362848282e-02
1.689619123935699463e-01
-4.808016493916511536e-02
4.419403895735740662e-02
9.217353910207748413e-02
1.996538974344730377e-02
1.613874286413192749e-01
1.347075253725051880e-01
-1.951110176742076874e-02
3.595494478940963745e-02
