2.505486607551574707e-01
5.047196149826049805e-01
-3.026893734931945801e-01
-5.944074988365173340e-01
-3.521998524665832520e-01
2.460828870534896851e-01
7.727416157722473145e-01
6.211998462677001953e-01
1.368661373853683472e-01
5.184079408645629883e-01
4.330605566501617432e-01
2.737212181091308594e-01
-3.592587709426879883e-01
3.067184984683990479e-01
1.336458176374435425e-01
3.343379199504852295e-01
-1.890435665845870972e-01
-2.576066255569458008e-01
-1.654538512229919434e-01
-7.487385272979736328e-01
