-1.905792355537414551e-01
-3.042415976524353027e-01
4.029418528079986572e-02
2.534875571727752686e-01
1.823138743638992310e-01
-2.139513790607452393e-01
1.474872231483459473e-01
-7.497709989547729492e-02
-2.045450732111930847e-02
-1.566106677055358887e-01
-2.277830541133880615e-01
-4.109155759215354919e-02
-2.594978809356689453e-01
-1.188128516077995300e-01
-1.429948396980762482e-02
-1.162588521838188171e-01
-2.781336568295955658e-02
-2.194247692823410034e-01
9.271044284105300903e-03
-2.183413505554199219e-01
