1.836336962878704071e-02
1.681039482355117798e-02
-1.213883534073829651e-01
-1.228791847825050354e-02
-6.687369197607040405e-02
-1.547482162714004517e-01
-3.895468637347221375e-02
6.188746169209480286e-02
-7.322646677494049072e-02
-7.359792944043874741e-03
-4.210459999740123749e-03
-2.578650042414665222e-02
-2.071161754429340363e-02
1.292418129742145538e-02
3.898261487483978271e-02
-6.887414306402206421e-02
-1.413185894489288330e-02
-5.479838699102401733e-02
4.989196732640266418e-02
-1.003409698605537415e-01
