-5.877206474542617798e-02 3.143605589866638184e-01 2.521775066852569580e-01 -1.205140501260757446e-01 1.851329803466796875e-01 -7.302729040384292603e-02 4.580663442611694336e-01 2.559443414211273193e-01 8.571006357669830322e-02 -3.016567528247833252e-01 2.475874722003936768e-01 9.774484671652317047e-03 -3.259720653295516968e-02 3.051051795482635498e-01 -4.501105844974517822e-02 -6.771472096443176270e-02 7.699826955795288086e-01 1.156532466411590576e-01 4.409123212099075317e-02 -9.777662903070449829e-02
6.379722803831100464e-02 6.561287213116884232e-03 -1.458819061517715454e-01 3.043442070484161377e-01 -1.423258185386657715e-01 2.074593156576156616e-01 -5.746516585350036621e-01 -1.016892418265342712e-01 -1.915431469678878784e-01 -3.780347704887390137e-01 3.221729993820190430e-01 2.647967338562011719e-01 -2.645504772663116455e-01 -1.484774053096771240e-01 -2.878559529781341553e-01 2.991136722266674042e-02 1.967512965202331543e-01 -2.831404209136962891e-01 -1.074414029717445374e-01 2.442557215690612793e-01
-3.990653157234191895e-01 5.728109180927276611e-02 -4.255961179733276367e-01 -8.992821723222732544e-02 2.931631803512573242e-01 -6.551639735698699951e-02 3.265537023544311523e-01 -4.288631957024335861e-03 5.565175414085388184e-01 1.815886944532394409e-01 1.438962221145629883e-01 -9.792960435152053833e-02 -1.040798574686050415e-01 -2.658359892666339874e-02 -5.840359926223754883e-01 -4.204235374927520752e-01 -3.527961969375610352e-01 -2.112489491701126099e-01 1.741017401218414307e-01 -1.185653880238533020e-01
3.551285862922668457e-01 -2.741179764270782471e-01 1.908828914165496826e-01 -5.822352319955825806e-02 1.006738916039466858e-01 7.085835188627243042e-02 -1.755693852901458740e-01 6.072062253952026367e-02 2.408493310213088989e-01 4.892720580101013184e-01 -3.002000451087951660e-01 8.174941688776016235e-02 1.106972694396972656e-01 -3.562461957335472107e-02 2.203949093818664551e-01 -2.502672076225280762e-01 -2.024769783020019531e-01 -1.286579072475433350e-01 -4.174328967928886414e-02 -2.711230814456939697e-01
-7.764770649373531342e-03 7.264681905508041382e-02 -2.070529311895370483e-01 -9.859323501586914062e-02 1.111845597624778748e-01 7.642156630754470825e-02 -1.222868114709854126e-01 1.584982275962829590e-01 1.106580644845962524e-01 -1.986194550991058350e-01 -1.966201812028884888e-01 2.979080677032470703e-01 -8.336141705513000488e-03 4.157824069261550903e-02 -2.530321665108203888e-02 -2.837701514363288879e-02 -1.630235761404037476e-01 -1.907268464565277100e-01 1.182357072830200195e-01 -1.750342100858688354e-01
-3.253783285617828369e-02 -3.043349087238311768e-02 -9.418928027153015137e-01 -3.394253849983215332e-01 1.637774109840393066e-01 -1.090000420808792114e-01 1.520167738199234009e-01 3.679895102977752686e-01 1.074146106839179993e-01 -2.896433509886264801e-02 1.187916398048400879e-01 -1.698512025177478790e-02 4.198103270027786493e-04 -2.609557807445526123e-01 -1.726187616586685181e-01 -2.741945087909698486e-01 -4.041085839271545410e-01 -4.468928575515747070e-01 5.166968330740928650e-02 -1.769992560148239136e-01
4.124211519956588745e-02 4.642020761966705322e-01 -4.654265344142913818e-01 4.572650492191314697e-01 1.450061798095703125e-01 3.550885617733001709e-01 -1.651884242892265320e-02 2.715806663036346436e-02 6.813701242208480835e-02 1.384468078613281250e-01 3.628639876842498779e-01 5.213516950607299805e-01 1.239215955138206482e-02 2.333027273416519165e-01 -1.542128920555114746e-01 8.561610579490661621e-01 -8.516255021095275879e-02 4.538407921791076660e-01 1.982605606317520142e-01 1.249484568834304810e-01
2.905347943305969238e-01 5.204439908266067505e-02 -2.562921047210693359e-01 -1.072167232632637024e-01 -5.396413803100585938e-01 2.172341793775558472e-01 -2.462643384933471680e-02 9.522537142038345337e-02 4.380795657634735107e-01 1.040011942386627197e-01 2.293684147298336029e-02 -3.235914409160614014e-01 -1.663518100976943970e-01 -2.075582742691040039e-01 -9.699098765850067139e-02 -5.486879348754882812e-01 3.053709864616394043e-01 3.613629639148712158e-01 -1.889715343713760376e-01 3.425872623920440674e-01
-1.110742390155792236e-01 -3.450685441493988037e-01 -1.307564824819564819e-01 -4.756869673728942871e-01 2.306137084960937500e-01 -4.343501627445220947e-01 -1.719292253255844116e-01 9.621469676494598389e-02 1.148346439003944397e-01 3.824417591094970703e-01 -1.662472784519195557e-01 2.255599051713943481e-01 -3.439587727189064026e-02 -2.819554209709167480e-01 7.905960083007812500e-02 8.813100308179855347e-02 -1.607103645801544189e-01 -1.828339397907257080e-01 -1.994654722511768341e-02 5.144194886088371277e-02
1.228696405887603760e-01 1.056500673294067383e-01 -1.454286724328994751e-01 -4.473765194416046143e-01 5.564916133880615234e-02 7.629255205392837524e-02 1.713950932025909424e-01 -2.453534156084060669e-01 -7.284858822822570801e-02 -1.303890198469161987e-01 1.844152808189392090e-02 1.283144801855087280e-01 -1.421932131052017212e-01 -8.308450132608413696e-02 -2.221027761697769165e-01 4.537090063095092773e-01 1.221937965601682663e-02 -8.403975516557693481e-02 1.110054329037666321e-01 -1.105328500270843506e-01
-1.325739473104476929e-01 -4.521533250808715820e-01 2.220907714217901230e-03 -5.143937841057777405e-02 1.659123152494430542e-01 -1.822225004434585571e-01 -6.402230262756347656e-02 1.168438643217086792e-01 -2.359453141689300537e-01 -2.192075550556182861e-01 -8.394557982683181763e-02 2.693031355738639832e-02 3.094455897808074951e-01 9.899973124265670776e-02 2.561574578285217285e-01 -5.565834045410156250e-01 -3.428765833377838135e-01 6.707908213138580322e-02 -6.819131970405578613e-02 1.466140151023864746e-01
2.381820529699325562e-01 1.654341369867324829e-01 1.376735270023345947e-01 -4.605665802955627441e-01 -1.788693964481353760e-01 3.158291801810264587e-02 -1.011080369353294373e-01 3.963544070720672607e-01 1.462351717054843903e-02 -1.679576039314270020e-01 1.058160960674285889e-01 -2.902651019394397736e-02 -2.680291831493377686e-01 2.656292915344238281e-02 2.816068008542060852e-02 -2.850131690502166748e-01 2.688642144203186035e-01 1.824447512626647949e-01 9.514912962913513184e-02 -2.171217203140258789e-01
-1.535942703485488892e-01 1.801388561725616455e-01 -1.352421045303344727e-01 7.391741871833801270e-02 -1.595257073640823364e-01 -7.426393032073974609e-02 -1.353045403957366943e-01 -9.825743734836578369e-02 9.720005095005035400e-02 1.015561446547508240e-01 -3.256488144397735596e-01 -2.428279668092727661e-01 1.745425611734390259e-01 -1.087795421481132507e-01 -3.334213793277740479e-01 3.019505739212036133e-01 4.553241655230522156e-02 5.626598745584487915e-02 -2.162757813930511475e-01 -1.087196096777915955e-01
-2.808184325695037842e-01 -3.202243447303771973e-01 -1.582928299903869629e-01 1.329584978520870209e-02 -9.071058034896850586e-02 -8.497580289840698242e-01 1.789164245128631592e-01 -6.365863140672445297e-03 8.265102654695510864e-02 -2.851735055446624756e-01 -1.155358739197254181e-02 1.602471321821212769e-01 -2.849967479705810547e-01 2.308230698108673096e-01 -2.702464759349822998e-01 -1.671444624662399292e-01 2.002033144235610962e-01 7.730776816606521606e-02 3.066295087337493896e-01 2.827056646347045898e-01
1.462956815958023071e-01 2.613968849182128906e-01 1.154701486229896545e-01 1.110261157155036926e-01 -1.784134060144424438e-01 1.928739845752716064e-01 -9.965059161186218262e-02 -3.810651600360870361e-01 -5.303574204444885254e-01 2.787725925445556641e-01 2.326848059892654419e-01 5.868699029088020325e-02 3.785124421119689941e-01 1.732387542724609375e-01 -2.240820676088333130e-01 3.331441283226013184e-01 4.251284599304199219e-01 4.659966230392456055e-01 2.433979809284210205e-01 -3.692614138126373291e-01
-2.640893161296844482e-01 -1.575997471809387207e-01 -2.680473327636718750e-01 -4.846277832984924316e-01 1.161581054329872131e-01 -6.258852034807205200e-02 5.467870831489562988e-02 4.377059936523437500e-01 2.753967046737670898e-01 -7.678607106208801270e-02 2.180829197168350220e-01 -1.441205739974975586e-01 -1.011406630277633667e-02 -1.346178948879241943e-01 -5.241431761533021927e-03 3.341989815235137939e-01 1.491075456142425537e-01 -2.635395824909210205e-01 -3.009531199932098389e-01 -6.479259580373764038e-03
7.124605029821395874e-02 1.960365027189254761e-01 3.588927090167999268e-01 1.298955827951431274e-01 -2.635377347469329834e-01 -8.668708801269531250e-02 -2.850363850593566895e-01 -7.194661069661378860e-03 -2.695805430412292480e-01 2.315028011798858643e-01 1.747716777026653290e-02 -1.551776528358459473e-01 2.548596635460853577e-02 -4.011693894863128662e-01 -4.644677639007568359e-01 1.254239231348037720e-01 3.176566362380981445e-01 -2.123608253896236420e-02 2.204599082469940186e-01 -6.647242307662963867e-01
-2.601920440793037415e-02 -9.849155694246292114e-02 8.279194124042987823e-03 4.678170010447502136e-02 -3.813244402408599854e-02 3.341487050056457520e-01 2.813278138637542725e-01 1.396552175283432007e-01 1.740014851093292236e-01 -9.516508318483829498e-03 -2.410585284233093262e-01 3.093270398676395416e-02 3.211013078689575195e-01 4.602648019790649414e-01 -2.532226443290710449e-01 -3.639354705810546875e-01 1.054987311363220215e-02 -2.069098874926567078e-02 -2.646142542362213135e-01 -1.029046922922134399e-01
-9.299312531948089600e-02 -1.471976097673177719e-02 6.021691858768463135e-02 -2.295861542224884033e-01 5.338869690895080566e-01 -4.471728801727294922e-01 7.132994532585144043e-01 2.769852578639984131e-01 6.533487141132354736e-02 7.392840087413787842e-02 -1.466399133205413818e-01 2.212958633899688721e-01 -1.861040443181991577e-01 3.880909979343414307e-01 3.280791640281677246e-01 2.400284409523010254e-01 -1.564657390117645264e-01 -3.110198676586151123e-01 -9.789504855871200562e-02 -2.162237651646137238e-02
-4.192141294479370117e-01 -4.290637671947479248e-01 1.368357539176940918e-01 -2.933362722396850586e-01 1.978515535593032837e-01 -6.167984008789062500e-01 2.785942852497100830e-01 3.328810334205627441e-01 3.352708816528320312e-01 -1.803546696901321411e-01 -7.932095229625701904e-02 -3.101004362106323242e-01 1.619717776775360107e-01 -1.560233086347579956e-01 -2.153619378805160522e-01 -4.453235268592834473e-01 -3.814231157302856445e-01 -7.090752720832824707e-01 9.236865490674972534e-02 -2.602439522743225098e-01
