-2.911692261695861816e-01 1.281983703374862671e-01 1.096886396408081055e-01 -8.839646726846694946e-02 3.761841058731079102e-01 -2.257134765386581421e-01 -1.119842566549777985e-02 1.737020909786224365e-01 -6.913421303033828735e-02 4.468618705868721008e-02 -2.038808017969131470e-01 -3.541954755783081055e-01 2.615512907505035400e-01 -1.021563857793807983e-01 1.439880281686782837e-01 -5.501782149076461792e-02 -3.995816037058830261e-02 3.476865589618682861e-01 4.345199465751647949e-01 2.181705236434936523e-01
-2.843824625015258789e-01 9.706725180149078369e-02 1.821565926074981689e-01 -2.173588052392005920e-02 1.581132411956787109e-02 -2.559258639812469482e-01 1.574721373617649078e-02 -4.416061192750930786e-02 -1.656710058450698853e-01 -3.033689260482788086e-01 1.121633797883987427e-01 -1.675550341606140137e-01 5.217222571372985840e-01 2.402036935091018677e-01 -4.815147444605827332e-02 -6.208166480064392090e-01 5.038933753967285156e-01 -5.677653104066848755e-02 1.371223330497741699e-01 -3.290995359420776367e-01
-3.675369322299957275e-01 -4.409454762935638428e-01 -2.046931684017181396e-01 7.506415843963623047e-01 5.811089873313903809e-01 -3.373182415962219238e-01 2.771768271923065186e-01 -2.286017537117004395e-01 -2.279291599988937378e-01 -4.045050218701362610e-02 -5.136364698410034180e-01 -2.799501419067382812e-01 3.524013236165046692e-02 -6.037333607673645020e-01 -5.659523606300354004e-01 -4.911593794822692871e-01 1.881381273269653320e-01 -9.601303935050964355e-02 4.369638860225677490e-02 -1.024882420897483826e-01
1.113010942935943604e-01 -3.052232563495635986e-01 3.907656669616699219e-01 2.016578018665313721e-01 3.612812757492065430e-01 -4.294891655445098877e-01 -9.217530488967895508e-02 -8.395937830209732056e-02 4.611057415604591370e-02 -2.316144704818725586e-01 -2.085883170366287231e-01 6.641705334186553955e-02 9.422399103641510010e-02 -4.680026769638061523e-01 -2.451866865158081055e-01 -4.209043979644775391e-01 4.038455784320831299e-01 3.456587344408035278e-02 -1.701593399047851562e-02 -8.275628834962844849e-02
2.677383124828338623e-01 2.005256116390228271e-01 -1.424641162157058716e-01 -2.547661066055297852e-01 -1.616841107606887817e-01 1.751634329557418823e-01 -2.482392191886901855e-01 -1.828235685825347900e-01 1.196434125304222107e-01 2.165442705154418945e-01 -2.207996994256973267e-01 4.007726609706878662e-01 -3.550603687763214111e-01 -9.843216277658939362e-03 -8.186289668083190918e-02 1.289108991622924805e-01 1.182171255350112915e-01 -2.972390651702880859e-01 1.364325731992721558e-02 -8.347037434577941895e-02
-2.872275710105895996e-01 -8.990623801946640015e-02 -1.839718781411647797e-02 1.763871610164642334e-01 1.608001738786697388e-01 7.086709886789321899e-02 3.104159235954284668e-01 -1.337847411632537842e-01 -1.966469138860702515e-01 -1.333268880844116211e-01 -5.195245146751403809e-01 -6.368868052959442139e-02 1.982336491346359253e-02 3.853366523981094360e-02 -1.984642744064331055e-01 -4.629103466868400574e-02 4.984514117240905762e-01 4.317245632410049438e-02 3.359367251396179199e-01 -1.348856091499328613e-01
-3.736983835697174072e-01 1.174753531813621521e-03 1.225064173340797424e-01 4.206974506378173828e-01 -4.285036921501159668e-01 -4.558806121349334717e-02 -1.686652563512325287e-02 4.658932685852050781e-01 1.116164475679397583e-01 2.538467645645141602e-01 1.154285818338394165e-01 3.753229975700378418e-01 -5.499032735824584961e-01 3.986418247222900391e-01 -1.442677825689315796e-01 -8.178105950355529785e-02 4.997430741786956787e-02 -1.164596229791641235e-01 -4.687903448939323425e-02 1.679472625255584717e-02
5.178838968276977539e-01 2.292035073041915894e-01 -2.684511840343475342e-01 -5.181309580802917480e-01 -6.167807579040527344e-01 9.571119397878646851e-02 4.249947518110275269e-02 2.443348988890647888e-03 4.665708839893341064e-01 7.668665051460266113e-02 1.054973080754280090e-01 -3.231701999902725220e-02 -1.670186407864093781e-02 7.640033364295959473e-01 1.293596327304840088e-01 6.285129785537719727e-01 -4.426608979701995850e-01 3.806507587432861328e-01 2.389043383300304413e-02 5.890319868922233582e-02
1.226807609200477600e-01 3.640032708644866943e-01 1.594057381153106689e-01 -1.738539636135101318e-01 -4.842135608196258545e-01 1.008826196193695068e-01 4.220580458641052246e-01 -4.513950645923614502e-02 5.895713809877634048e-03 1.985441297292709351e-01 2.444473952054977417e-01 -1.429121047258377075e-01 -1.479813605546951294e-01 6.010101437568664551e-01 1.321136951446533203e-01 2.144745141267776489e-01 2.758867740631103516e-01 4.850919824093580246e-03 -9.357977658510208130e-02 3.103484511375427246e-01
-1.711440682411193848e-01 -3.430414572358131409e-02 1.456450372934341431e-01 -7.782731950283050537e-02 1.971975862979888916e-01 -2.316819317638874054e-02 -1.546252518892288208e-03 5.136821791529655457e-02 -2.701779268682003021e-02 8.773418515920639038e-02 6.352175772190093994e-02 -2.379779368638992310e-01 4.108192026615142822e-02 -4.015390202403068542e-02 2.890281975269317627e-01 -3.712106049060821533e-01 -1.950042694807052612e-02 9.028302133083343506e-02 6.736826151609420776e-02 -2.507804520428180695e-02
-1.882308162748813629e-02 -8.576100319623947144e-02 4.759828373789787292e-02 1.102573275566101074e-01 -5.811827182769775391e-01 1.957627832889556885e-01 1.355273723602294922e-01 -2.821810841560363770e-01 -5.740584805607795715e-02 1.756872981786727905e-01 8.816456049680709839e-02 -1.132962778210639954e-01 1.294403374195098877e-01 -3.437137603759765625e-01 -2.929695695638656616e-02 7.466580718755722046e-02 3.376546129584312439e-02 -1.406139135360717773e-01 7.805376499891281128e-02 4.097556769847869873e-01
-1.616695523262023926e-02 5.362275242805480957e-01 -2.240444570779800415e-01 -1.009123101830482483e-01 -6.208838224411010742e-01 1.075728703290224075e-02 6.223555207252502441e-01 3.846978247165679932e-01 2.841857671737670898e-01 7.855718955397605896e-03 1.451300550252199173e-02 4.366497322916984558e-02 -4.792212843894958496e-01 7.516239285469055176e-01 2.727995626628398895e-02 5.072830319404602051e-01 -1.682415753602981567e-01 -2.419117093086242676e-02 -1.964745372533798218e-01 -3.747255504131317139e-01
1.693861335515975952e-01 -3.024911582469940186e-01 1.751633882522583008e-01 2.811537384986877441e-01 3.189966380596160889e-01 -5.661541819572448730e-01 -4.415028542280197144e-02 -8.435655385255813599e-02 7.825596630573272705e-02 5.816213414072990417e-02 -1.975215524435043335e-01 -1.434685140848159790e-01 2.610402703285217285e-01 8.675459772348403931e-02 -6.770679354667663574e-02 -1.984206438064575195e-01 5.300899147987365723e-01 3.175823688507080078e-01 1.939083039760589600e-01 2.565861940383911133e-01
9.205801039934158325e-02 5.851729512214660645e-01 6.646283715963363647e-02 -5.066515207290649414e-01 -8.465352654457092285e-01 1.622777879238128662e-01 1.802037656307220459e-01 4.941943883895874023e-01 3.726874887943267822e-01 5.030279755592346191e-01 2.888005673885345459e-01 2.366380542516708374e-01 -6.006714701652526855e-01 5.733685493469238281e-01 1.654216200113296509e-01 4.755898416042327881e-01 -2.664675116539001465e-01 -2.380795478820800781e-01 -1.692376434803009033e-01 -4.628502428531646729e-01
-9.829499572515487671e-02 3.652324080467224121e-01 -2.546873092651367188e-01 -3.506049215793609619e-01 -2.730017900466918945e-01 1.325973272323608398e-01 2.109693735837936401e-01 2.466612160205841064e-01 -7.170099020004272461e-02 9.154998511075973511e-02 4.591935575008392334e-01 -1.213788148015737534e-02 -6.797600984573364258e-01 3.141078054904937744e-01 7.937992215156555176e-01 3.041494190692901611e-01 5.128882825374603271e-03 -4.365998804569244385e-01 -1.996774412691593170e-02 -5.744549036026000977e-01
-2.295943349599838257e-01 -5.311004519462585449e-01 3.777683079242706299e-01 1.731858253479003906e-01 -3.467363119125366211e-01 -4.161534830927848816e-02 3.386982157826423645e-02 -8.497494459152221680e-02 -6.505911797285079956e-02 -6.230622902512550354e-02 -1.934970319271087646e-01 2.863934934139251709e-01 1.957605481147766113e-01 -2.925412058830261230e-01 -1.150200590491294861e-01 -2.864632904529571533e-01 1.341067254543304443e-01 -4.992195218801498413e-02 -4.950630292296409607e-02 -2.959792315959930420e-01
-1.757524609565734863e-01 -5.343773961067199707e-01 5.727102756500244141e-01 1.178827807307243347e-01 5.644849538803100586e-01 -6.449989080429077148e-01 1.114682406187057495e-01 2.805365622043609619e-01 -1.355959177017211914e-01 -3.645794689655303955e-01 -1.888506412506103516e-01 -1.259539872407913208e-01 1.354303210973739624e-02 -9.636604227125644684e-03 -1.824961155652999878e-01 -6.736153364181518555e-02 -9.306159615516662598e-02 -1.761295646429061890e-01 -6.751605868339538574e-02 2.792202867567539215e-02
-5.534797310829162598e-01 -7.243571281433105469e-01 4.496457874774932861e-01 -1.933434233069419861e-02 5.881017446517944336e-01 -5.613441467285156250e-01 3.902364289388060570e-03 -5.467686653137207031e-01 1.687457561492919922e-01 3.172760009765625000e-01 -5.326458811759948730e-01 -1.784874498844146729e-02 -1.582202464342117310e-01 -1.819079369306564331e-01 1.140693724155426025e-01 -4.424686133861541748e-01 -2.354572564363479614e-01 -7.711581140756607056e-02 1.382342427968978882e-01 2.178980596363544464e-02
4.921616613864898682e-02 -4.561451375484466553e-01 3.279520869255065918e-01 1.823028773069381714e-01 3.190012276172637939e-01 -2.312397956848144531e-01 -1.132342144846916199e-01 -3.545153439044952393e-01 1.333502382040023804e-01 -1.866552829742431641e-01 -9.944936633110046387e-02 -1.210362883284687996e-03 4.675439596176147461e-01 2.544092237949371338e-01 -2.909637689590454102e-01 -3.661938011646270752e-01 3.605543076992034912e-01 -4.761526733636856079e-02 -3.607257083058357239e-02 5.642600730061531067e-02
2.083777934312820435e-01 -4.261155724525451660e-01 -1.489644050598144531e-01 3.714843094348907471e-02 -2.005310263484716415e-03 -1.241214573383331299e-01 1.510637998580932617e-01 3.961159288883209229e-02 -1.118538603186607361e-01 8.146125823259353638e-03 -5.419655144214630127e-02 -4.377102479338645935e-02 -1.186123583465814590e-02 2.120690643787384033e-01 7.861652225255966187e-02 -2.655989676713943481e-02 -4.405838251113891602e-01 1.560854315757751465e-01 1.806983053684234619e-01 -2.411607652902603149e-01
