-2.164154648780822754e-01
2.588901221752166748e-01
-5.106166601181030273e-01
-1.224659532308578491e-01
2.411372810602188110e-01
-1.663783937692642212e-01
6.134856343269348145e-01
6.250479072332382202e-02
-8.891614675521850586e-01
5.578427910804748535e-01
-3.502069711685180664e-01
6.548510193824768066e-01
4.289479851722717285e-01
-4.312859475612640381e-01
-5.013310909271240234e-01
4.996151328086853027e-01
6.125442385673522949e-01
-1.529177576303482056e-01
6.785304844379425049e-02
3.695253133773803711e-01
