1.487929373979568481e-02
-7.755325734615325928e-02
1.261766403913497925e-01
4.427704215049743652e-02
7.147081941366195679e-02
1.491377353668212891e-01
-1.154446974396705627e-01
3.503856435418128967e-02
-2.639169991016387939e-01
-1.963087171316146851e-01
1.176895424723625183e-01
-1.097028404474258423e-01
-8.415896445512771606e-02
1.047705784440040588e-01
1.386052221059799194e-01
-1.000150367617607117e-01
1.137880757451057434e-01
1.016315221786499023e-01
7.320033758878707886e-02
4.723130911588668823e-02
