5.723540857434272766e-02 -1.649934947490692139e-01 -3.631630912423133850e-02 1.683931797742843628e-01 -1.800747513771057129e-01 -2.259117662906646729e-01 -2.445984631776809692e-01 2.136565595865249634e-01 1.691090613603591919e-01 3.658583760261535645e-01 -8.050435781478881836e-02 1.136590316891670227e-01 8.138883113861083984e-02 2.534788846969604492e-01 -1.148070581257343292e-02 -1.046880856156349182e-01 -5.011656507849693298e-02 -2.056407183408737183e-01 2.964580059051513672e-01 8.179669082164764404e-02
6.839881092309951782e-02 4.108989238739013672e-01 -1.157674118876457214e-01 2.049921303987503052e-01 1.064775958657264709e-01 2.045456618070602417e-01 -1.755614951252937317e-02 -2.614906430244445801e-01 -1.668626517057418823e-01 2.027052938938140869e-01 -7.695181667804718018e-02 1.759147644042968750e-01 1.613373011350631714e-01 -2.087941020727157593e-01 -4.048240482807159424e-01 -1.359180659055709839e-01 3.065857850015163422e-02 1.729197204113006592e-01 -1.237966492772102356e-01 -9.208423644304275513e-02
-1.949515342712402344e-01 -1.054632440209388733e-01 2.293962836265563965e-01 1.650182157754898071e-01 -3.203507065773010254e-01 -3.157427012920379639e-01 -3.411510586738586426e-02 -1.400738656520843506e-01 -3.534718453884124756e-01 -3.482595086097717285e-01 -3.213485479354858398e-01 4.628656804561614990e-01 4.724633693695068359e-01 -2.356425821781158447e-01 -4.684807732701301575e-02 -1.990331262350082397e-01 5.866323113441467285e-01 -3.564395308494567871e-01 1.262994259595870972e-01 8.588008582592010498e-02
-1.828539967536926270e-01 2.551893293857574463e-01 1.958912238478660583e-03 1.938381344079971313e-01 -1.884758919477462769e-01 -1.493652164936065674e-01 9.304937906563282013e-03 2.571308314800262451e-01 -3.594483137130737305e-01 4.539053440093994141e-01 3.665015846490859985e-02 -6.309277564287185669e-02 3.279151022434234619e-01 4.371748864650726318e-02 5.640973336994647980e-03 -1.226149201393127441e-01 5.304304882884025574e-02 -3.483698964118957520e-01 4.525732994079589844e-02 1.858642399311065674e-01
6.046533957123756409e-02 -3.337067961692810059e-01 5.041959881782531738e-02 1.937421709299087524e-01 -8.567524701356887817e-02 1.296910643577575684e-01 -1.198580190539360046e-01 2.435784637928009033e-01 -2.118247449398040771e-01 -5.452541634440422058e-03 -4.837634563446044922e-01 1.743428707122802734e-01 -1.720030307769775391e-01 8.134242892265319824e-02 1.042615100741386414e-01 -5.867831781506538391e-02 -1.803499311208724976e-01 1.272163540124893188e-01 -4.460211843252182007e-02 -7.641262561082839966e-02
1.049853637814521790e-01 -8.238755166530609131e-02 2.178474515676498413e-02 -1.408646404743194580e-01 3.511921316385269165e-02 -1.108763888478279114e-01 7.465492933988571167e-03 -2.196016758680343628e-01 -1.647567600011825562e-01 -7.183381170034408569e-02 -3.142344653606414795e-01 1.932632625102996826e-01 -9.114315733313560486e-03 -2.976591885089874268e-01 -2.531927078962326050e-02 1.521447896957397461e-01 3.351347446441650391e-01 3.864794597029685974e-02 -9.496720880270004272e-02 1.305675208568572998e-01
-3.481358289718627930e-02 5.733595490455627441e-01 -9.053631685674190521e-03 1.575611159205436707e-02 4.731838107109069824e-01 -1.022422164678573608e-01 1.429328918457031250e-01 5.781472846865653992e-02 8.205715566873550415e-02 1.804788224399089813e-02 2.877416312694549561e-01 8.692793548107147217e-02 7.667815685272216797e-02 -3.434519842267036438e-02 -1.960653364658355713e-01 7.877381891012191772e-02 -3.051622509956359863e-01 -7.496487349271774292e-02 1.215637028217315674e-01 -2.108886986970901489e-01
1.485694646835327148e-01 1.210870314389467239e-02 2.726884484291076660e-01 -2.317697368562221527e-02 -1.282893717288970947e-01 -1.896629333496093750e-01 1.940929144620895386e-01 -4.726804792881011963e-02 -1.409003883600234985e-01 -9.009948372840881348e-02 2.980883717536926270e-01 -1.414719503372907639e-02 7.758558541536331177e-02 -1.137384176254272461e-01 -1.074209958314895630e-01 -2.874222099781036377e-01 -3.265909552574157715e-01 1.609034687280654907e-01 3.127796649932861328e-01 -2.554741501808166504e-01
1.107128113508224487e-01 -2.599331317469477654e-03 -3.019713759422302246e-01 -1.119914799928665161e-01 8.321157842874526978e-02 1.290921568870544434e-01 -7.448449730873107910e-02 -4.362890496850013733e-02 -2.510738372802734375e-01 3.530694544315338135e-01 1.685514152050018311e-01 2.115422785282135010e-01 -3.303226083517074585e-02 2.128199785947799683e-01 -6.967755407094955444e-02 4.239019155502319336e-01 5.521700158715248108e-02 3.710987567901611328e-01 -2.544947862625122070e-01 -2.437564879655838013e-01
2.197959087789058685e-02 2.928474545478820801e-01 -2.567842602729797363e-01 -4.257959872484207153e-02 3.564890921115875244e-01 1.575089432299137115e-02 -1.327026635408401489e-01 2.414963692426681519e-01 -2.176579236984252930e-01 -6.758894026279449463e-02 -5.556858777999877930e-01 1.935302168130874634e-01 1.565681993961334229e-01 -4.240547865629196167e-02 -6.424865871667861938e-02 -2.751497626304626465e-01 2.724789679050445557e-01 5.093598738312721252e-02 -5.698520541191101074e-01 3.057764470577239990e-02
7.368040084838867188e-01 -8.662506937980651855e-02 8.791764825582504272e-02 3.257803320884704590e-01 -4.869557172060012817e-02 -1.907045021653175354e-02 -4.206164926290512085e-02 1.753692179918289185e-01 1.990574002265930176e-01 -2.219880074262619019e-01 -4.465737938880920410e-02 -1.672438979148864746e-01 -9.483202546834945679e-02 1.143851056694984436e-01 2.380967438220977783e-01 2.867748737335205078e-01 -2.148156315088272095e-01 1.383554339408874512e-01 2.619079649448394775e-01 7.082891464233398438e-02
-7.039978355169296265e-02 -1.347714811563491821e-01 -2.428579479455947876e-01 3.064849786460399628e-02 -1.461296081542968750e-01 -1.049455553293228149e-01 -1.715439260005950928e-01 1.951193660497665405e-01 2.155996263027191162e-01 -1.509458273649215698e-01 -2.378411293029785156e-01 7.383988797664642334e-02 -1.108114495873451233e-01 -3.570694103837013245e-02 -2.155262678861618042e-01 3.197904527187347412e-01 3.946445882320404053e-02 4.333220720291137695e-01 -4.291311800479888916e-01 1.385845988988876343e-01
-2.887077033519744873e-01 -1.270816624164581299e-01 -1.569944769144058228e-01 7.716640830039978027e-02 1.497964859008789062e-01 -1.459031105041503906e-01 1.540657430887222290e-01 -1.480911374092102051e-01 -2.342049479484558105e-01 1.556624472141265869e-01 -3.816879168152809143e-02 -9.215939790010452271e-02 2.040827274322509766e-01 -3.978435099124908447e-01 2.635363042354583740e-01 -1.651533395051956177e-01 1.147902905941009521e-01 -2.077908664941787720e-01 8.319863677024841309e-02 3.475610911846160889e-01
-2.875103354454040527e-01 -7.678897678852081299e-02 3.193187713623046875e-02 -3.266825675964355469e-01 3.072671294212341309e-01 -3.584020733833312988e-01 6.321813911199569702e-02 1.168863698840141296e-01 -3.778040111064910889e-01 9.740823507308959961e-02 3.304435685276985168e-02 -2.085770666599273682e-01 2.967105805873870850e-01 -1.046794503927230835e-01 -2.915718257427215576e-01 -2.360521554946899414e-01 2.366109341382980347e-01 -1.124553531408309937e-01 -5.513879060745239258e-01 -1.128786951303482056e-01
-2.465275675058364868e-01 -4.133251309394836426e-01 -5.886179208755493164e-01 -2.462302297353744507e-01 1.980744451284408569e-01 -1.748619526624679565e-01 9.933585673570632935e-02 2.963437885046005249e-02 8.138964185491204262e-04 -3.504728376865386963e-01 1.620511710643768311e-01 -1.319607999175786972e-02 -1.323003023862838745e-01 3.753803968429565430e-01 -4.281590227037668228e-03 -2.644528150558471680e-01 -1.260566115379333496e-01 -1.470689624547958374e-01 -3.891141340136528015e-02 3.297075927257537842e-01
2.415620982646942139e-01 5.201514959335327148e-01 3.654019236564636230e-01 4.641483724117279053e-01 -3.615047931671142578e-01 -3.583853542804718018e-01 7.790898680686950684e-01 -5.250535532832145691e-02 -1.256565898656845093e-01 -2.277657203376293182e-02 3.577743470668792725e-01 -3.494057357311248779e-01 6.259285658597946167e-02 4.022723138332366943e-01 1.067452728748321533e-01 -8.283754438161849976e-02 -1.286329142749309540e-02 3.484063148498535156e-01 7.800947427749633789e-01 -7.460384815931320190e-02
-3.025038540363311768e-01 5.157748609781265259e-02 3.231159746646881104e-01 -6.924420595169067383e-02 5.810379385948181152e-01 1.980421133339405060e-02 1.211091950535774231e-01 -1.274731606245040894e-01 -2.769838087260723114e-02 -1.224202364683151245e-01 -1.348359733819961548e-01 2.989622950553894043e-01 -1.239034458994865417e-01 -1.519864946603775024e-01 -6.251415610313415527e-02 -1.971271038055419922e-01 -1.378684043884277344e-01 -1.889693886041641235e-01 4.972095787525177002e-02 -7.421603053808212280e-02
-1.314284801483154297e-01 -1.503874510526657104e-01 1.407745927572250366e-01 -2.637785375118255615e-01 7.165547460317611694e-03 -1.335638761520385742e-01 1.941204667091369629e-01 1.797845065593719482e-01 1.604309976100921631e-01 4.614707529544830322e-01 2.143247574567794800e-01 1.798184514045715332e-01 -3.710464760661125183e-02 2.794982492923736572e-01 -2.158187180757522583e-01 -1.449377238750457764e-01 2.588026821613311768e-01 -1.988507062196731567e-02 2.895890176296234131e-01 -4.280155152082443237e-02
-2.210731804370880127e-01 1.578244864940643311e-01 6.109362468123435974e-02 9.985605627298355103e-02 1.806525290012359619e-01 3.401334956288337708e-02 3.356782495975494385e-01 -8.161751180887222290e-02 -2.861410975456237793e-01 2.624245584011077881e-01 1.945212334394454956e-01 7.208030670881271362e-02 -3.451007306575775146e-01 1.539267003536224365e-01 -5.842632055282592773e-01 -1.894422173500061035e-01 -2.076181322336196899e-01 -1.958572305738925934e-02 1.023965030908584595e-01 2.168381959199905396e-01
-6.356999874114990234e-01 5.648825764656066895e-01 -5.539879798889160156e-01 -5.654780864715576172e-01 4.854990839958190918e-01 2.241070866584777832e-01 -3.345332741737365723e-01 1.061352372169494629e+00 -5.983251333236694336e-02 1.018852353096008301e+00 -4.886949360370635986e-01 2.487813234329223633e-01 3.395064473152160645e-01 2.084427177906036377e-01 -5.215132236480712891e-01 -8.280963450670242310e-02 8.917316794395446777e-01 6.866260766983032227e-01 -4.585779011249542236e-01 2.072886526584625244e-01
