-2.337499856948852539e-01 4.002756625413894653e-02 -2.664166688919067383e-01 -5.491717457771301270e-01 -1.734404861927032471e-01 -3.144498765468597412e-01 -1.378236562013626099e-01 -4.023795202374458313e-02 6.479193270206451416e-02 1.193294599652290344e-01 -1.559493988752365112e-01 1.183965504169464111e-01 1.834981143474578857e-01 9.935120493173599243e-02 -2.794093191623687744e-01 2.861762642860412598e-01 2.335688769817352295e-01 -3.497974276542663574e-01 4.627209305763244629e-01 -2.616848945617675781e-01
3.138144314289093018e-01 1.801072508096694946e-01 5.672108381986618042e-02 -1.143993735313415527e-01 3.217053115367889404e-01 3.975871205329895020e-02 2.122257091104984283e-02 2.236860096454620361e-01 -1.038649603724479675e-01 3.040513098239898682e-01 -1.523887366056442261e-01 -2.051468193531036377e-01 -7.475036382675170898e-02 -3.301736712455749512e-02 -1.404395699501037598e-01 -1.434184461832046509e-01 6.919942498207092285e-01 -1.458407491445541382e-01 2.378943413496017456e-01 5.002630501985549927e-02
3.692631796002388000e-02 9.314004331827163696e-02 1.531175374984741211e-01 -4.272259771823883057e-01 1.301508694887161255e-01 -5.741133168339729309e-02 -1.841011792421340942e-01 -2.689763307571411133e-01 -2.151849307119846344e-02 -6.142038479447364807e-02 -2.274289578199386597e-01 2.409577667713165283e-01 3.070593476295471191e-01 -2.150988131761550903e-01 -3.048844933509826660e-01 4.234788566827774048e-02 -2.036129981279373169e-01 4.507378339767456055e-01 3.033323287963867188e-01 -2.012541741132736206e-01
-5.717125535011291504e-02 1.572780013084411621e-01 3.695375323295593262e-01 -2.960325777530670166e-01 1.282028406858444214e-01 -3.835263550281524658e-01 2.654746174812316895e-01 -2.584491670131683350e-01 3.049805462360382080e-01 3.520540297031402588e-01 2.516565918922424316e-01 3.142646253108978271e-01 1.529257744550704956e-01 -1.015560552477836609e-01 -1.568963080644607544e-01 4.146927297115325928e-01 3.968927562236785889e-01 -2.503243088722229004e-01 -6.382372230291366577e-02 -7.793355584144592285e-01
4.223126471042633057e-01 -4.427863061428070068e-01 8.439315855503082275e-02 2.562371194362640381e-01 1.155315339565277100e-01 3.985235989093780518e-01 -7.120774388313293457e-01 8.099052309989929199e-02 -4.325806200504302979e-01 -2.499689608812332153e-01 2.633544504642486572e-01 -6.564429402351379395e-02 -4.446901753544807434e-02 2.000805884599685669e-01 6.062352657318115234e-01 -6.602342426776885986e-02 -1.364651173353195190e-01 5.490968823432922363e-01 -3.621879816055297852e-01 -4.262492656707763672e-01
1.563182473182678223e-02 1.610758597962558270e-03 -2.275524586439132690e-01 -3.511469066143035889e-02 1.723603159189224243e-02 -9.809473156929016113e-02 1.524024158716201782e-01 -8.766137808561325073e-02 -2.348822951316833496e-01 -8.206544816493988037e-02 -8.230514824390411377e-02 1.508970707654953003e-01 -1.954192668199539185e-01 -1.748969405889511108e-01 3.267019093036651611e-01 2.310176938772201538e-01 3.489349484443664551e-01 3.379038870334625244e-01 -4.575819075107574463e-01 1.306321918964385986e-01
-7.235818356275558472e-02 2.317648828029632568e-01 -7.693577408790588379e-01 -4.472411870956420898e-01 -2.385696172714233398e-01 -1.363978255540132523e-02 -1.080464050173759460e-01 2.797739505767822266e-01 9.888849407434463501e-02 8.400054275989532471e-02 -1.575483009219169617e-02 -1.782287061214447021e-01 8.852047473192214966e-02 -1.186158284544944763e-01 -2.358102425932884216e-02 2.615224123001098633e-01 -1.642178297042846680e-01 -1.263482272624969482e-01 1.976263970136642456e-01 5.326241254806518555e-01
-2.008964717388153076e-01 -2.166196852922439575e-01 3.196263015270233154e-01 5.304840207099914551e-01 -1.229585334658622742e-01 6.550285220146179199e-01 -2.535927295684814453e-01 -1.432408988475799561e-01 -3.027423024177551270e-01 -2.193559259176254272e-01 3.138659298419952393e-01 1.724065542221069336e-01 1.028392761945724487e-01 -2.038595974445343018e-01 2.179926782846450806e-01 -3.250645995140075684e-01 1.521791517734527588e-01 2.149639725685119629e-01 -8.084918558597564697e-02 8.201539516448974609e-02
-2.040996253490447998e-01 7.787555456161499023e-02 -3.073223531246185303e-01 -1.420218199491500854e-01 -7.317220419645309448e-02 -2.093219012022018433e-01 2.400028705596923828e-01 9.923981130123138428e-02 -4.589663073420524597e-02 -1.332902610301971436e-01 -2.123193442821502686e-01 2.492430359125137329e-01 3.663522005081176758e-01 -1.661108285188674927e-01 2.191741466522216797e-01 8.832935988903045654e-02 -2.142351716756820679e-01 2.053720317780971527e-02 -1.685559451580047607e-01 -3.196513745933771133e-03
9.070821851491928101e-02 -4.193787276744842529e-01 -1.955266594886779785e-01 -7.643380016088485718e-02 -4.803555086255073547e-02 1.229704096913337708e-01 1.979680061340332031e-01 -1.461754143238067627e-01 -4.634282290935516357e-01 -7.776480913162231445e-02 4.731571972370147705e-01 -9.688202291727066040e-02 2.810200154781341553e-01 1.256075352430343628e-01 1.783508248627185822e-02 5.768175050616264343e-02 -5.744886025786399841e-02 -1.507398039102554321e-01 3.957945704460144043e-01 -1.478976458311080933e-01
-2.102306634187698364e-01 2.825239598751068115e-01 -4.399641156196594238e-01 -3.041952252388000488e-01 2.105856239795684814e-01 8.652306348085403442e-02 3.623909056186676025e-01 1.739994287490844727e-01 2.733890116214752197e-01 5.989582538604736328e-01 -4.280829429626464844e-01 -1.452478468418121338e-01 3.391512930393218994e-01 -6.248587369918823242e-01 2.115850597620010376e-01 2.946263551712036133e-01 -4.102108478546142578e-01 -4.634327292442321777e-01 1.619983464479446411e-01 3.209793567657470703e-01
-2.148339599370956421e-01 -1.639023423194885254e-01 -7.969055324792861938e-02 -1.450900435447692871e-01 -3.819908499717712402e-01 1.691643148660659790e-01 -8.070047199726104736e-02 -1.673793941736221313e-01 -2.739080488681793213e-01 -2.639046013355255127e-01 7.741092145442962646e-02 -1.804454326629638672e-01 2.249112725257873535e-02 4.681129753589630127e-02 4.103794395923614502e-01 1.537586599588394165e-01 2.744410559535026550e-02 2.972169220447540283e-01 -3.528887331485748291e-01 1.282900664955377579e-02
5.351373460143804550e-03 1.565359979867935181e-01 -1.479960083961486816e-01 -8.374430239200592041e-02 -7.203757762908935547e-02 5.792301893234252930e-01 3.399301171302795410e-01 6.485172510147094727e-01 -1.091864611953496933e-02 -2.898071110248565674e-01 7.920484244823455811e-02 -4.224133789539337158e-01 1.691705286502838135e-01 3.752706348896026611e-01 4.205163121223449707e-01 5.258667096495628357e-02 -1.553806811571121216e-01 3.045053966343402863e-02 3.436653316020965576e-01 2.750910446047782898e-02
-3.481576591730117798e-02 -8.862981945276260376e-02 -2.060509622097015381e-01 -5.807862877845764160e-01 -8.692583069205284119e-03 -3.127856850624084473e-01 -2.181489318609237671e-01 1.664014905691146851e-01 -3.978151679039001465e-01 2.212010920047760010e-01 -1.607971042394638062e-01 -4.069989919662475586e-01 3.639409840106964111e-01 -2.295783758163452148e-01 -4.271409213542938232e-01 -2.448713593184947968e-02 4.103229045867919922e-01 -7.563175559043884277e-01 2.360850125551223755e-01 -7.264825701713562012e-02
-1.276981979608535767e-01 2.751612067222595215e-01 -3.654197752475738525e-01 -3.830694556236267090e-01 1.251610815525054932e-01 -1.251830011606216431e-01 -1.878931559622287750e-02 1.467401385307312012e-01 1.042534708976745605e-01 9.257265925407409668e-02 -1.804527342319488525e-01 1.893730908632278442e-01 -8.676844835281372070e-02 3.109862506389617920e-01 -2.244360046461224556e-03 1.198719665408134460e-01 -5.501977354288101196e-02 -1.236936450004577637e-01 -2.575310468673706055e-01 3.128338605165481567e-02
-1.408116072416305542e-01 -2.553198635578155518e-01 8.257636427879333496e-02 -1.413461267948150635e-01 -4.217974375933408737e-03 -1.469275206327438354e-01 3.039755225181579590e-01 2.993654906749725342e-01 -2.858277857303619385e-01 -9.174937009811401367e-02 1.092307195067405701e-01 -7.234372198581695557e-03 3.754211664199829102e-01 -2.082641124725341797e-01 -1.972986608743667603e-01 -2.269936166703701019e-02 -1.051226034760475159e-01 1.571544818580150604e-02 -1.014007478952407837e-01 6.861225515604019165e-02
-7.168981432914733887e-02 -2.193433791399002075e-01 1.134756729006767273e-01 1.306602358818054199e-01 -1.038732454180717468e-01 3.476118743419647217e-01 -1.688476465642452240e-02 2.361550778150558472e-01 2.041639760136604309e-02 -3.296582102775573730e-01 2.255080044269561768e-01 -3.756368160247802734e-02 -5.484880506992340088e-02 3.090749680995941162e-01 6.286551803350448608e-02 -4.593368619680404663e-02 2.565169930458068848e-01 3.464714586734771729e-01 1.192706301808357239e-01 -6.906301528215408325e-02
-7.793106883764266968e-02 1.996569186449050903e-01 -4.514699578285217285e-01 -1.105024367570877075e-01 4.420631527900695801e-01 -2.364047616720199585e-01 -1.728032901883125305e-02 4.821220412850379944e-02 -8.032524585723876953e-02 -8.668768405914306641e-02 -2.669215500354766846e-01 -1.794358193874359131e-01 2.474018931388854980e-01 -1.999395042657852173e-01 -2.515453994274139404e-01 3.093757927417755127e-01 1.859602928161621094e-01 3.304394781589508057e-01 2.720060050487518311e-01 4.153974652290344238e-01
-2.483092993497848511e-01 -6.320960074663162231e-02 -1.260358989238739014e-01 -2.802918553352355957e-01 1.900964975357055664e-01 -2.526788413524627686e-01 1.766271889209747314e-01 1.490236669778823853e-01 1.640877425670623779e-01 2.624056637287139893e-01 -1.592455506324768066e-01 -7.344897836446762085e-02 2.749537527561187744e-01 -4.334447979927062988e-01 -5.400119423866271973e-01 3.269077539443969727e-01 1.136867925524711609e-01 -7.382646203041076660e-02 -1.689665019512176514e-02 1.351434886455535889e-01
-4.357796609401702881e-01 -3.509429693222045898e-01 -4.146666079759597778e-02 -4.203920662403106689e-01 1.045702770352363586e-01 5.831110849976539612e-02 2.510888129472732544e-02 4.483606815338134766e-01 -1.783243566751480103e-01 6.528890877962112427e-02 2.568812668323516846e-01 -2.640240490436553955e-01 2.232474982738494873e-01 -6.950466334819793701e-02 -1.545403003692626953e-01 -1.972590088844299316e-01 1.062685325741767883e-01 4.808667674660682678e-02 1.942305862903594971e-01 -5.120516940951347351e-02
