-2.174725234508514404e-01
7.717849314212799072e-02
2.838109247386455536e-02
-1.312502026557922363e-01
-7.342529296875000000e-02
-3.888405486941337585e-02
-6.748568266630172729e-02
2.195129096508026123e-01
-9.135174751281738281e-02
4.280408378690481186e-03
-9.018739685416221619e-03
-1.777891069650650024e-02
7.364346086978912354e-02
-1.153496652841567993e-01
-4.393031820654869080e-02
-1.271505802869796753e-01
1.299989521503448486e-01
1.134121790528297424e-01
-1.256664656102657318e-02
3.098468668758869171e-02
