-6.457078456878662109e-02
-7.465686649084091187e-02
1.423095762729644775e-01
1.346642151474952698e-02
-7.307903468608856201e-02
1.576920226216316223e-02
-8.041306585073471069e-02
7.116301357746124268e-02
-9.068382531404495239e-02
-3.585224598646163940e-02
-7.936144620180130005e-02
-8.050408214330673218e-02
-1.517840102314949036e-02
8.553238958120346069e-02
-1.889311149716377258e-02
1.686939783394336700e-02
-4.335861280560493469e-02
-7.597484439611434937e-02
-6.902599334716796875e-02
3.886923789978027344e-01
