-9.255888313055038452e-02 -4.978344440460205078e-01 2.026650607585906982e-01 -3.416563570499420166e-01 4.030815139412879944e-02 -2.003424167633056641e-01 1.285666376352310181e-01 6.559460163116455078e-01 5.995662882924079895e-02 4.734176676720380783e-03 1.375981718301773071e-01 -1.094987839460372925e-01 -2.434003353118896484e-01 2.809727191925048828e-01 5.121243000030517578e-01 -3.098993301391601562e-01 2.269885390996932983e-01 1.307553350925445557e-01 2.119507640600204468e-01 5.634300038218498230e-02
1.511592883616685867e-02 9.800691902637481689e-02 -1.107622683048248291e-01 -4.059409797191619873e-01 -1.380095183849334717e-01 -3.215106725692749023e-01 -1.235108226537704468e-01 4.487270712852478027e-01 3.591831773519515991e-02 -1.265690661966800690e-02 1.590014249086380005e-01 -1.666231825947761536e-02 -2.506991922855377197e-01 3.325393497943878174e-01 -1.466200649738311768e-01 -6.732448190450668335e-02 1.623711138963699341e-01 5.440942645072937012e-01 -5.098455399274826050e-02 -5.480201914906501770e-02
2.635754048824310303e-01 2.953272461891174316e-01 -6.080665066838264465e-02 -3.357207775115966797e-01 6.037555262446403503e-02 -1.202429458498954773e-01 -9.771675616502761841e-02 -4.671141505241394043e-02 2.054941356182098389e-01 1.134782657027244568e-02 -1.353604942560195923e-01 -6.349568068981170654e-02 4.270369410514831543e-01 -1.485989391803741455e-01 -6.077822297811508179e-02 -8.944211155176162720e-02 6.226017326116561890e-02 -5.054699182510375977e-01 5.321648716926574707e-02 4.086902365088462830e-02
-3.302042558789253235e-02 3.695661723613739014e-01 2.176901102066040039e-01 -8.579885959625244141e-02 1.041867807507514954e-01 -2.691814005374908447e-01 7.774620503187179565e-02 -2.644617259502410889e-01 -1.700796931982040405e-01 1.429463028907775879e-01 -6.639723181724548340e-01 -6.192763447761535645e-01 8.614915609359741211e-02 -1.106355432420969009e-02 1.107271760702133179e-01 -5.674022436141967773e-01 7.337058335542678833e-02 -1.217500716447830200e-01 1.286221146583557129e-01 -1.165078729391098022e-01
3.250644803047180176e-01 1.315142810344696045e-01 -3.889343738555908203e-01 1.060551628470420837e-01 5.603886209428310394e-03 4.146314561367034912e-01 -4.713388532400131226e-02 2.143204659223556519e-01 2.623452246189117432e-01 -2.887499518692493439e-02 1.087322235107421875e-01 9.200305491685867310e-02 2.221982926130294800e-02 8.026492595672607422e-02 -2.651126980781555176e-01 -2.033316344022750854e-01 -5.533060804009437561e-02 8.669278770685195923e-02 5.790860205888748169e-02 3.100336492061614990e-01
3.522153496742248535e-01 -1.482869535684585571e-01 -3.230659365653991699e-01 -1.071563810110092163e-01 1.418233662843704224e-01 -1.565740406513214111e-01 8.678527176380157471e-02 4.610883295536041260e-01 4.824484586715698242e-01 -2.488503009080886841e-01 2.806234955787658691e-01 -3.174342215061187744e-02 2.172928303480148315e-02 -3.134681284427642822e-02 -3.274946510791778564e-01 5.229067802429199219e-01 -1.004266068339347839e-01 -1.112124025821685791e-01 2.393395155668258667e-01 4.553629830479621887e-02
4.821768403053283691e-02 2.150427550077438354e-01 -1.621345877647399902e-01 -3.108244240283966064e-01 -3.146506547927856445e-01 -2.591633051633834839e-02 -4.450816661119461060e-02 -1.575293987989425659e-01 2.927660346031188965e-01 1.180488169193267822e-01 -1.446310728788375854e-01 1.527209877967834473e-01 1.728924363851547241e-01 2.374500930309295654e-01 1.263887733221054077e-01 -1.642836034297943115e-01 -4.367474019527435303e-01 -5.018639191985130310e-02 -2.262582182884216309e-01 -2.148843370378017426e-02
1.956850588321685791e-01 -3.271326795220375061e-02 -1.142930015921592712e-01 1.292822211980819702e-01 1.562715470790863037e-01 5.440029501914978027e-02 -5.028080567717552185e-02 -2.327705472707748413e-01 1.294194310903549194e-01 1.398645341396331787e-01 2.191325873136520386e-01 5.099124312400817871e-01 2.614884264767169952e-02 -2.483223378658294678e-01 -1.964918375015258789e-01 -3.128970563411712646e-01 -4.662387073040008545e-02 -2.341075688600540161e-01 -3.482683897018432617e-01 -2.215789407491683960e-01
3.958265855908393860e-02 -2.821545600891113281e-01 1.930481195449829102e-01 -5.524386465549468994e-02 1.109971180558204651e-01 1.370199471712112427e-01 -1.696510463953018188e-01 3.239675164222717285e-01 -1.473015546798706055e-01 -5.987267568707466125e-02 3.399351835250854492e-01 -7.600682228803634644e-02 7.304223254323005676e-03 1.131343171000480652e-01 -1.612985581159591675e-01 -2.443400621414184570e-01 9.211772703565657139e-04 1.748791635036468506e-01 6.572452187538146973e-02 1.938359588384628296e-01
3.670296072959899902e-01 -1.166066974401473999e-01 -4.642292857170104980e-01 -2.893252074718475342e-01 -4.901744723320007324e-01 -1.522124111652374268e-01 -2.337906956672668457e-01 1.283323913812637329e-01 4.283413290977478027e-01 -2.057480858638882637e-03 -2.143247723579406738e-01 2.112422436475753784e-01 2.568948566913604736e-01 3.394419327378273010e-02 3.761506825685501099e-02 3.173413872718811035e-01 -2.537214457988739014e-01 -3.397277593612670898e-01 4.472737014293670654e-01 5.203754082322120667e-02
-4.466523602604866028e-02 6.484048068523406982e-02 2.829744815826416016e-01 -3.282409012317657471e-01 2.447974234819412231e-01 -2.598318159580230713e-01 4.043215811252593994e-01 -5.185289308428764343e-02 -3.131186962127685547e-01 3.717138767242431641e-01 5.215220618993043900e-03 8.528566360473632812e-02 8.277803659439086914e-02 -1.587722599506378174e-01 -1.562659591436386108e-01 7.249867077916860580e-03 4.105730652809143066e-01 -1.493004560470581055e-01 -2.676684856414794922e-01 2.554176747798919678e-01
2.159968763589859009e-01 3.094505369663238525e-01 9.350048005580902100e-02 -1.253231018781661987e-01 2.404550313949584961e-01 2.813309431076049805e-01 1.129288747906684875e-01 -2.225442826747894287e-01 1.164922490715980530e-01 -3.651615381240844727e-01 -1.380352526903152466e-01 -9.522030502557754517e-02 2.996599972248077393e-01 3.210574686527252197e-01 -1.831855177879333496e-01 -2.002148181200027466e-01 -3.006014525890350342e-01 -2.059768438339233398e-01 1.406692713499069214e-01 -2.292567938566207886e-01
5.708752870559692383e-01 5.303323268890380859e-01 -1.746045202016830444e-01 -9.075882285833358765e-02 2.111336588859558105e-01 -3.472724854946136475e-01 -1.009125828742980957e+00 -6.085169315338134766e-01 -8.706788718700408936e-02 -6.470990180969238281e-02 -7.640143632888793945e-01 4.131070673465728760e-01 3.613654375076293945e-01 -1.168917059898376465e+00 -1.680178940296173096e-01 -8.985119313001632690e-02 -1.373601257801055908e-01 -2.872318625450134277e-01 -2.228341549634933472e-01 -1.155624389648437500e-01
-5.952512621879577637e-01 -7.835332751274108887e-01 8.008269220590591431e-02 -2.640345096588134766e-01 -3.543354570865631104e-01 4.375840425491333008e-01 3.994161188602447510e-01 6.120302081108093262e-01 -1.695559769868850708e-01 3.164031803607940674e-01 1.535058319568634033e-01 6.718428805470466614e-03 -6.451601386070251465e-01 7.059843540191650391e-01 5.135736614465713501e-02 2.124159932136535645e-01 7.572341561317443848e-01 5.260891318321228027e-01 2.519934177398681641e-01 -1.406143009662628174e-01
-8.027900010347366333e-02 -5.774199590086936951e-02 1.710129082202911377e-01 3.388797342777252197e-01 -1.679310053586959839e-01 1.752201169729232788e-01 1.472150683403015137e-01 2.397494912147521973e-01 -4.685341715812683105e-01 2.784567773342132568e-01 -5.387124046683311462e-02 4.010358825325965881e-02 3.348752558231353760e-01 -2.361855059862136841e-01 -1.447007507085800171e-01 5.080698803067207336e-02 1.027400270104408264e-01 2.303556650876998901e-01 3.977370262145996094e-02 8.395522832870483398e-02
-1.624938696622848511e-01 1.987704783678054810e-01 -2.776997685432434082e-01 3.170976936817169189e-01 -1.914479136466979980e-01 4.086742699146270752e-01 -9.232308715581893921e-02 -3.106494992971420288e-02 2.678750827908515930e-02 -5.039205402135848999e-02 -4.722962379455566406e-01 1.259697675704956055e-01 4.221160411834716797e-01 -2.025708556175231934e-02 -5.741484761238098145e-01 1.721232682466506958e-01 -6.779510378837585449e-01 -1.239016354084014893e-01 5.601575970649719238e-01 -1.210388317704200745e-01
4.658480733633041382e-02 1.562196761369705200e-01 -3.855813443660736084e-01 -1.737922579050064087e-01 -1.652704477310180664e-01 -7.146614193916320801e-01 -3.291632980108261108e-02 -9.576344490051269531e-02 -2.114273048937320709e-02 -1.277051866054534912e-01 9.989599138498306274e-02 -3.560971021652221680e-01 1.793006956577301025e-01 -4.465143978595733643e-01 -3.756032884120941162e-01 3.124053776264190674e-01 2.573778927326202393e-01 1.768433116376399994e-02 1.338779181241989136e-01 -2.450461387634277344e-01
-3.261315524578094482e-01 -1.091143846511840820e+00 2.479521185159683228e-01 1.718125790357589722e-01 8.072277158498764038e-02 7.899505496025085449e-01 5.065734311938285828e-02 3.569238483905792236e-01 -2.063162773847579956e-01 -8.358527719974517822e-02 2.881448864936828613e-01 -5.207201242446899414e-01 -2.093979865312576294e-01 3.147317469120025635e-01 6.624224036931991577e-02 2.837544381618499756e-01 3.814643025398254395e-01 3.542699813842773438e-01 5.768678337335586548e-02 -1.143128722906112671e-01
-9.273300529457628727e-04 -4.866574108600616455e-01 3.520271778106689453e-01 -2.937516272068023682e-01 2.396310865879058838e-02 1.928173601627349854e-01 1.006733551621437073e-01 2.542849183082580566e-01 -1.070580780506134033e-01 -4.262165352702140808e-02 -2.110547572374343872e-01 -7.755937576293945312e-01 -1.409586817026138306e-01 3.648640215396881104e-01 2.456508129835128784e-01 -2.740664640441536903e-03 4.656268656253814697e-01 -9.019993245601654053e-02 -1.705610305070877075e-01 -1.112771108746528625e-01
-3.420593142509460449e-01 -9.944618493318557739e-02 -2.393604367971420288e-01 -2.425421029329299927e-01 -1.459828019142150879e-01 6.323786824941635132e-02 3.313899636268615723e-01 4.913618564605712891e-01 -3.667108416557312012e-01 3.286079168319702148e-01 4.021981656551361084e-01 -2.328711934387683868e-02 -7.320571541786193848e-01 1.955582052469253540e-01 5.498285889625549316e-01 -2.853710353374481201e-01 2.400968782603740692e-02 -1.505662053823471069e-01 -1.559152007102966309e-01 3.441407531499862671e-02
