6.275372207164764404e-02
-7.748673111200332642e-02
-1.899578422307968140e-01
7.468420080840587616e-03
2.932401187717914581e-02
-1.190636977553367615e-01
3.066601604223251343e-02
5.158028751611709595e-02
-2.012602426111698151e-02
-1.109000816941261292e-01
-1.323691103607416153e-02
2.678235992789268494e-02
-1.721846871078014374e-02
-3.835744410753250122e-02
8.517988771200180054e-02
-6.063526496291160583e-02
-6.007168442010879517e-02
1.396044641733169556e-01
-2.651164494454860687e-02
-2.434361539781093597e-02
