-3.141038715839385986e-01
-7.030011415481567383e-01
6.063573360443115234e-01
9.053255319595336914e-01
5.624822974205017090e-01
5.665014982223510742e-01
2.806393504142761230e-01
3.844954967498779297e-01
-6.144107580184936523e-01
4.399510473012924194e-02
4.038342833518981934e-01
-3.593690693378448486e-01
-3.147602677345275879e-01
1.103641241788864136e-01
2.929723262786865234e-01
-7.246775031089782715e-01
2.833436131477355957e-01
5.392970442771911621e-01
-2.707062661647796631e-01
3.931291699409484863e-01
