1.746391206979751587e-01
3.428558409214019775e-01
-4.841107875108718872e-02
-1.051899716258049011e-01
3.753008544445037842e-01
-1.912898868322372437e-01
-1.528482586145401001e-01
-5.221521258354187012e-01
3.191255033016204834e-01
-9.240708500146865845e-02
-2.298848778009414673e-01
2.076129801571369171e-02
1.192386224865913391e-01
-7.231483608484268188e-02
-6.562198698520660400e-02
-1.755086779594421387e-01
-1.050741076469421387e-01
-2.390074431896209717e-01
-1.171743944287300110e-01
-6.697911769151687622e-02
