1.035235300660133362e-01 1.452340334653854370e-01 -6.739803403615951538e-02 9.639426320791244507e-02 2.453370094299316406e-01 -7.330632209777832031e-02 -9.938757866621017456e-02 2.015387453138828278e-02 -4.145420789718627930e-01 -7.044699788093566895e-02 1.049104053527116776e-02 1.625488698482513428e-01 -4.860854148864746094e-02 -1.625402420759201050e-01 1.006564311683177948e-02 2.035182714462280273e-01 -2.477743476629257202e-01 4.233897626399993896e-01 1.109697371721267700e-01 2.973260581493377686e-01
-1.221479177474975586e-01 -2.295924723148345947e-02 3.430517613887786865e-01 -4.080117940902709961e-01 5.746171623468399048e-02 5.239524245262145996e-01 5.406081080436706543e-01 9.885609894990921021e-02 -7.648840546607971191e-02 1.287407428026199341e-01 -3.247754871845245361e-01 2.355187088251113892e-01 -2.320753410458564758e-02 -4.009452462196350098e-02 1.637026369571685791e-01 7.864767313003540039e-01 5.248996615409851074e-01 -2.727895230054855347e-02 -1.946447193622589111e-01 -2.419080287218093872e-01
3.881274163722991943e-01 4.189638495445251465e-01 7.219193130731582642e-02 -3.129155039787292480e-01 -2.814325094223022461e-01 3.046402633190155029e-01 -1.768138259649276733e-01 -3.881584107875823975e-02 -4.332512617111206055e-01 3.858514726161956787e-01 4.311625957489013672e-01 -3.897937834262847900e-01 -7.781870365142822266e-01 8.753283023834228516e-01 -1.843872666358947754e-01 -1.592902988195419312e-01 8.049502223730087280e-02 3.456688523292541504e-01 5.049102306365966797e-01 1.571795493364334106e-01
-2.704328894615173340e-01 -1.275983303785324097e-01 1.525180339813232422e-01 -5.757838487625122070e-02 7.133875042200088501e-02 -1.335238963365554810e-01 7.585734128952026367e-02 4.070518910884857178e-01 -2.302461415529251099e-01 -1.274278201162815094e-02 -1.182949766516685486e-01 1.259630322456359863e-01 3.062954545021057129e-01 -9.514969587326049805e-02 5.348435044288635254e-02 3.107575178146362305e-01 -8.018829673528671265e-02 -3.683681190013885498e-01 -4.216977953910827637e-01 -2.373816072940826416e-01
7.711721956729888916e-02 -1.982378512620925903e-01 -2.813308835029602051e-01 5.627344548702239990e-02 1.400722116231918335e-01 4.045496284961700439e-01 -4.756714701652526855e-01 3.898001015186309814e-01 -3.190517798066139221e-02 -1.685755848884582520e-01 -3.315025568008422852e-02 1.271634995937347412e-01 -2.041840255260467529e-01 1.359475255012512207e-01 -1.624320596456527710e-01 -9.601436555385589600e-02 7.986380904912948608e-02 -1.105446740984916687e-01 5.150018334388732910e-01 -3.180041909217834473e-01
-1.372899264097213745e-01 1.633677482604980469e-01 1.757604628801345825e-01 -4.954179748892784119e-03 -1.559531837701797485e-01 -1.050998643040657043e-02 -1.676088273525238037e-01 3.714300394058227539e-01 3.909957110881805420e-01 -3.869223594665527344e-01 1.746461093425750732e-01 1.841883361339569092e-02 5.684903860092163086e-01 -6.152179241180419922e-01 -8.836958557367324829e-02 3.701082468032836914e-01 -2.867866121232509613e-02 2.167568802833557129e-01 2.163677811622619629e-01 3.758234903216362000e-02
1.706682741641998291e-01 7.236900925636291504e-02 1.675238311290740967e-01 -1.924955099821090698e-02 2.051679790019989014e-02 5.323056876659393311e-02 -1.792804803699254990e-03 -3.775910288095474243e-02 -1.486413180828094482e-01 2.281704992055892944e-01 1.978113502264022827e-01 -1.012995466589927673e-01 -2.468646466732025146e-01 2.797911465167999268e-01 -1.613103784620761871e-02 -2.677403390407562256e-01 4.750024378299713135e-01 -1.032516583800315857e-01 4.090559482574462891e-01 -2.514983713626861572e-01
-3.437015712261199951e-01 2.914847731590270996e-01 6.688484549522399902e-02 -4.141234606504440308e-02 -2.776368260383605957e-01 -2.157559692859649658e-01 3.612330555915832520e-01 -5.117119848728179932e-02 8.413271605968475342e-02 -1.245799437165260315e-01 -2.142261713743209839e-01 1.064371541142463684e-01 9.077595919370651245e-02 -1.995321661233901978e-01 1.387126743793487549e-01 3.214166760444641113e-01 -2.498168200254440308e-01 3.895662128925323486e-01 -8.943257480859756470e-02 -2.806529104709625244e-01
1.416305638849735260e-02 1.956690847873687744e-01 -6.362766772508621216e-02 -4.288198798894882202e-02 9.449138306081295013e-03 2.494118511676788330e-01 4.103671610355377197e-01 -1.146296970546245575e-02 -9.872522950172424316e-02 6.423007845878601074e-01 -1.712063103914260864e-01 -1.557318270206451416e-01 2.082758247852325439e-01 -3.928112089633941650e-01 -2.004410624504089355e-01 4.381189942359924316e-01 5.094897747039794922e-01 -2.976382970809936523e-01 -1.191682443022727966e-01 3.599976599216461182e-01
9.050024300813674927e-02 2.735888361930847168e-01 2.034367918968200684e-01 -3.109917044639587402e-01 2.627084776759147644e-02 -2.749866545200347900e-01 -3.731012046337127686e-01 7.801021635532379150e-02 2.299218177795410156e-01 -5.293966531753540039e-01 -4.619557783007621765e-02 2.113981693983078003e-01 1.414346974343061447e-02 -1.226462796330451965e-01 -1.156660467386245728e-01 -3.380656838417053223e-01 -2.707770764827728271e-01 -1.701459735631942749e-01 6.065814495086669922e-01 -2.299438416957855225e-02
5.541841033846139908e-03 1.893403679132461548e-01 -4.828710556030273438e-01 2.339345216751098633e-01 2.064146101474761963e-01 2.380511313676834106e-01 6.646837294101715088e-02 9.129155427217483521e-02 6.551168859004974365e-02 1.240214928984642029e-01 -5.733842961490154266e-03 7.626254856586456299e-02 -6.862381473183631897e-03 -2.802659571170806885e-01 3.347387313842773438e-01 5.738841742277145386e-02 -8.967112004756927490e-02 -4.232873022556304932e-01 -3.739161789417266846e-01 -2.551931701600551605e-02
-1.565162837505340576e-01 1.179679557681083679e-01 -2.920669317245483398e-01 4.318916201591491699e-01 3.513000607490539551e-01 8.558522909879684448e-02 8.451282978057861328e-02 1.316847354173660278e-01 -1.318178474903106689e-01 -3.696921095252037048e-02 1.714362353086471558e-01 -3.747142255306243896e-01 3.056264296174049377e-02 2.415468245744705200e-01 2.046899646520614624e-01 7.248416543006896973e-02 1.887184381484985352e-01 5.629067122936248779e-02 -1.785953789949417114e-01 -8.304018527269363403e-02
-1.847977340221405029e-01 -1.073876842856407166e-01 -5.966662615537643433e-02 -6.709006428718566895e-02 -9.561453014612197876e-02 -2.809287309646606445e-01 8.250299841165542603e-02 7.936342805624008179e-02 -9.380280226469039917e-02 7.349015027284622192e-02 4.060431718826293945e-01 -2.935950756072998047e-01 -2.403435409069061279e-01 -3.552246838808059692e-02 -2.055757492780685425e-01 -1.450925618410110474e-01 3.708408772945404053e-01 1.218335777521133423e-01 2.651800215244293213e-01 -2.179448306560516357e-01
2.215314954519271851e-01 2.449889332056045532e-01 -1.940521448850631714e-01 -1.973121017217636108e-01 -8.988439291715621948e-02 1.234593689441680908e-01 -2.726149559020996094e-01 2.151356637477874756e-01 3.603594899177551270e-01 1.319802999496459961e-01 3.624652698636054993e-02 -2.865472435951232910e-01 -2.535030543804168701e-01 9.619756042957305908e-02 3.930346965789794922e-01 -1.205769106745719910e-01 -4.077045321464538574e-01 3.793664574623107910e-01 2.730624377727508545e-01 4.233273863792419434e-01
4.243283867835998535e-01 -1.720806062221527100e-01 7.783319801092147827e-02 -1.222748085856437683e-01 -2.373194098472595215e-01 1.152870506048202515e-01 -2.314731776714324951e-01 -6.027277112007141113e-01 -1.164386048913002014e-01 2.115508019924163818e-01 2.800361067056655884e-02 1.790070682764053345e-01 9.480426460504531860e-02 2.715240418910980225e-02 4.851144254207611084e-01 1.222384124994277954e-01 -4.339160025119781494e-02 2.214650362730026245e-01 -3.460063040256500244e-01 6.812035292387008667e-02
5.191875696182250977e-01 6.697018444538116455e-02 1.722468435764312744e-02 -2.086458057165145874e-01 1.484375745058059692e-01 -1.286980807781219482e-01 -1.905642449855804443e-01 -4.514741599559783936e-01 -8.066439628601074219e-02 1.489512920379638672e-01 -2.224809527397155762e-01 -2.874528467655181885e-01 -2.541596889495849609e-01 4.162307083606719971e-01 3.814962804317474365e-01 -4.906493425369262695e-02 -1.968255937099456787e-01 1.392159610986709595e-01 -5.780468136072158813e-02 1.167087480425834656e-01
-1.785235106945037842e-01 2.314845919609069824e-01 6.600166857242584229e-02 -1.670700907707214355e-01 -1.746793836355209351e-01 -4.759086072444915771e-01 -5.860247015953063965e-01 -2.207123041152954102e-01 9.345959872007369995e-03 1.514388322830200195e-01 1.601871997117996216e-01 -2.445498704910278320e-01 2.165081650018692017e-01 -1.457709223031997681e-01 6.266555190086364746e-02 2.442319244146347046e-01 -2.247978597879409790e-01 3.128980398178100586e-01 1.332083195447921753e-01 -3.851959109306335449e-02
1.956272870302200317e-03 4.581955373287200928e-01 1.407169084995985031e-02 -1.443542093038558960e-01 -5.899032354354858398e-01 -1.591092906892299652e-02 1.018592417240142822e-01 -4.594463706016540527e-01 -3.209139220416545868e-03 3.383834362030029297e-01 4.387018084526062012e-01 -3.410633206367492676e-01 -1.033085361123085022e-01 2.021829187870025635e-01 -1.841257959604263306e-01 -2.130158692598342896e-01 1.601780951023101807e-02 9.648180752992630005e-02 3.044050037860870361e-01 -1.301936656236648560e-01
2.796900868415832520e-01 -3.925961256027221680e-01 -2.821277976036071777e-01 -1.758995801210403442e-01 -1.610431820154190063e-01 -2.601947188377380371e-01 1.284214109182357788e-01 -1.226828023791313171e-01 -4.062628746032714844e-02 -1.477840691804885864e-01 7.480001449584960938e-02 6.338784843683242798e-02 6.718186289072036743e-02 3.852828443050384521e-01 -2.101525068283081055e-01 -2.088384479284286499e-01 4.732706546783447266e-01 -2.213783562183380127e-02 2.669709920883178711e-01 7.043771147727966309e-01
2.133703790605068207e-02 5.093237757682800293e-01 4.451523721218109131e-02 9.958492591977119446e-04 -6.836261600255966187e-02 2.005593627691268921e-01 -1.906101405620574951e-01 7.293268442153930664e-01 2.600776553153991699e-01 -4.552916064858436584e-02 -2.656803652644157410e-02 -2.218567878007888794e-01 -1.228522732853889465e-01 2.836454212665557861e-01 -3.309708461165428162e-02 -4.380594938993453979e-02 2.672983109951019287e-01 -7.483565807342529297e-02 4.353061020374298096e-01 5.387382581830024719e-02
