-3.373368680477142334e-01
-8.535348623991012573e-02
-3.509058058261871338e-02
1.100596264004707336e-01
3.108979761600494385e-02
-1.233390346169471741e-01
3.845935687422752380e-02
-1.025173254311084747e-02
3.777525946497917175e-02
-5.711662769317626953e-02
-1.996353827416896820e-02
9.242263436317443848e-02
1.354317665100097656e-01
-2.747951447963714600e-01
-6.990381330251693726e-02
3.950805403292179108e-03
1.074878498911857605e-01
6.360349059104919434e-02
-1.329918056726455688e-01
-8.448716998100280762e-02
