1.868100464344024658e-02 3.103723563253879547e-02 -3.745413422584533691e-01 -1.865574717521667480e-01 5.960354581475257874e-02 2.457832843065261841e-01 2.732199132442474365e-01 -8.918397873640060425e-02 -1.668846309185028076e-01 -3.750445544719696045e-01 2.752326428890228271e-01 2.298856228590011597e-01 1.572659611701965332e-01 -6.835816502571105957e-01 -3.024302236735820770e-02 1.041061878204345703e-01 -3.096531033515930176e-01 1.991618722677230835e-01 3.376683294773101807e-01 -4.980734363198280334e-02
3.591995537281036377e-01 1.496805250644683838e-01 4.767665639519691467e-02 1.451633423566818237e-01 2.097311466932296753e-01 -3.378955423831939697e-01 3.678237274289131165e-02 -7.358442246913909912e-02 2.369891405105590820e-01 -1.010215356945991516e-01 1.186176203191280365e-02 1.814807206392288208e-01 1.288403272628784180e-01 8.529096841812133789e-02 -1.396993845701217651e-01 -2.371653448790311813e-03 -9.109701216220855713e-02 2.041495293378829956e-01 3.651129007339477539e-01 1.116338521242141724e-01
-1.066116839647293091e-01 2.209847420454025269e-01 1.601379066705703735e-01 -8.325988799333572388e-02 2.323529124259948730e-01 -7.663292437791824341e-02 1.144436225295066833e-01 4.002825915813446045e-01 -2.703910470008850098e-01 -1.693859547376632690e-01 2.183358520269393921e-01 -4.328176975250244141e-01 -2.654221653938293457e-01 -4.224585294723510742e-01 6.028852611780166626e-02 -5.507115125656127930e-01 -2.910958826541900635e-01 1.551758404821157455e-02 6.823166459798812866e-02 1.335402131080627441e-01
-2.400751970708370209e-02 8.222698420286178589e-02 -2.166850119829177856e-02 -1.445175558328628540e-01 -4.935152083635330200e-02 7.509495597332715988e-03 1.288754940032958984e-01 4.647316634654998779e-01 -2.919057011604309082e-01 -1.993323862552642822e-01 -2.743120193481445312e-01 2.531267702579498291e-01 -3.014871478080749512e-01 -3.671301901340484619e-01 -2.919001281261444092e-01 4.795889835804700851e-03 -5.143675804138183594e-01 -4.045416414737701416e-02 3.340030461549758911e-02 2.204274684190750122e-01
-5.169730186462402344e-01 -3.773292005062103271e-01 2.137786522507667542e-02 1.174302771687507629e-01 -5.272540450096130371e-01 1.427315622568130493e-01 1.045448705554008484e-02 -2.984948083758354187e-02 1.316127926111221313e-01 9.783902764320373535e-02 5.837057903409004211e-02 5.958538055419921875e-01 1.729514896869659424e-01 9.067213535308837891e-02 -2.558876276016235352e-01 6.476599723100662231e-02 3.442166745662689209e-01 1.034158002585172653e-02 -3.896587789058685303e-01 -2.601178288459777832e-01
1.927203088998794556e-01 6.573229432106018066e-01 9.489916265010833740e-02 -2.936889529228210449e-01 4.628684744238853455e-02 1.060472354292869568e-01 1.673381775617599487e-01 -1.330840587615966797e-01 -1.370612382888793945e-01 -9.593718498945236206e-02 -2.857173979282379150e-02 -1.331362128257751465e-01 -3.151488900184631348e-01 -1.027892008423805237e-01 9.880883619189262390e-03 2.316985428333282471e-01 -1.067668050527572632e-01 -1.822620779275894165e-01 -2.163522690534591675e-01 1.530824042856693268e-02
-3.012723624706268311e-01 -1.534646153450012207e-01 2.033355534076690674e-01 5.053590983152389526e-02 8.588188141584396362e-02 -7.453069090843200684e-02 -1.433667391538619995e-01 -7.008811831474304199e-02 -1.920381188392639160e-01 -3.464313447475433350e-01 -6.062131375074386597e-02 -4.943137988448143005e-02 -1.313913762569427490e-01 -6.058006286621093750e-01 4.799086228013038635e-02 3.155334293842315674e-01 -4.946324974298477173e-02 -5.891590565443038940e-02 2.230048775672912598e-01 -2.161198258399963379e-01
1.330773681402206421e-01 4.550854265689849854e-01 1.131283193826675415e-01 1.639018356800079346e-01 -2.813977748155593872e-02 -8.824074268341064453e-02 -1.602742373943328857e-01 2.316666841506958008e-01 -1.333692818880081177e-01 -2.130539864301681519e-01 -5.318285822868347168e-01 -3.192517533898353577e-02 -2.982923388481140137e-01 -1.585076302289962769e-01 -1.842691898345947266e-01 -2.628731131553649902e-01 -4.452970325946807861e-01 -9.559950232505798340e-02 2.467656731605529785e-01 2.556182146072387695e-01
-4.432432353496551514e-02 -4.016225039958953857e-01 -3.193688988685607910e-01 1.617509871721267700e-01 -3.079595267772674561e-01 2.934337258338928223e-01 -1.993407756090164185e-01 -6.889748573303222656e-01 2.219612300395965576e-01 1.096998825669288635e-01 -1.823709905147552490e-01 5.396949052810668945e-01 -3.026542365550994873e-01 3.634104132652282715e-01 3.355211317539215088e-01 2.401422858238220215e-01 4.562796652317047119e-01 2.263719886541366577e-01 -2.283586412668228149e-01 -6.018246412277221680e-01
1.128526926040649414e-01 2.436903864145278931e-01 -1.092007830739021301e-01 -1.454485803842544556e-01 2.115794569253921509e-01 -4.024499952793121338e-01 8.383084088563919067e-02 1.269934177398681641e-01 -4.838632047176361084e-02 -2.249812930822372437e-01 -1.893693506717681885e-01 -1.377784088253974915e-02 -3.385995328426361084e-01 -2.943887114524841309e-01 4.934279620647430420e-01 -1.196433156728744507e-01 2.297888044267892838e-03 9.829045273363590240e-03 -5.672803148627281189e-03 -2.814107760787010193e-02
4.724556505680084229e-01 -2.159818395739421248e-04 6.750156730413436890e-02 1.769472062587738037e-01 2.976115345954895020e-01 1.231134310364723206e-01 3.508380949497222900e-01 1.871524937450885773e-02 2.794104814529418945e-01 6.792662292718887329e-02 -2.394533455371856689e-01 -8.067039400339126587e-02 -1.349542289972305298e-01 3.008927404880523682e-01 2.475677728652954102e-01 2.766887247562408447e-01 -3.392002582550048828e-01 1.383369415998458862e-01 -1.802150718867778778e-02 1.260538548231124878e-01
1.453012526035308838e-01 -3.765121847391128540e-02 1.525925192981958389e-02 -3.091119229793548584e-01 8.421675860881805420e-02 -4.549434483051300049e-01 4.991895332932472229e-02 1.294210106134414673e-01 -1.710254251956939697e-01 -3.097678422927856445e-01 -1.148419082164764404e-01 -1.822480261325836182e-01 -5.653849244117736816e-02 -2.265386283397674561e-01 4.407018423080444336e-01 -4.445804059505462646e-01 1.267777290195226669e-03 2.000768035650253296e-01 -6.752669811248779297e-02 -6.698536127805709839e-02
-1.896231174468994141e-01 2.004991620779037476e-01 2.330018132925033569e-01 -1.301811635494232178e-01 1.874925494194030762e-01 -1.829788684844970703e-01 -8.532138913869857788e-02 3.489516973495483398e-01 -3.675697445869445801e-01 -4.253306686878204346e-01 -8.038450777530670166e-02 -3.712217882275581360e-02 2.652473449707031250e-01 -1.269113719463348389e-01 -3.104052543640136719e-01 3.229620456695556641e-01 -2.668453752994537354e-01 -3.057144880294799805e-01 4.363738372921943665e-02 -7.039150595664978027e-02
9.139982610940933228e-02 2.852419912815093994e-01 3.437866568565368652e-01 2.021010369062423706e-01 2.192473560571670532e-01 9.922928363084793091e-02 1.179709006100893021e-02 -1.959257423877716064e-01 -1.572075039148330688e-01 3.534611687064170837e-02 -1.387668102979660034e-01 3.074657544493675232e-02 -1.384847909212112427e-01 3.057860434055328369e-01 5.613813176751136780e-02 1.160109415650367737e-01 2.171210497617721558e-01 -2.107324451208114624e-01 -1.736213117837905884e-01 -1.499308794736862183e-01
5.817286297678947449e-02 -2.114097625017166138e-01 2.995287179946899414e-01 2.425335720181465149e-02 -1.371554881334304810e-01 -8.508921414613723755e-02 -4.566258192062377930e-01 -8.785840123891830444e-02 -1.850840896368026733e-01 2.766286432743072510e-01 -2.801289856433868408e-01 -2.035575546324253082e-02 -3.687086403369903564e-01 4.944328218698501587e-02 -3.405722081661224365e-01 2.949428260326385498e-01 5.582130327820777893e-02 -7.873183488845825195e-02 1.669367551803588867e-01 2.611704468727111816e-01
-1.181298634037375450e-03 -9.921374917030334473e-02 -1.498119067400693893e-02 4.248970448970794678e-01 3.648489117622375488e-01 -3.814266026020050049e-01 -1.170467957854270935e-01 -1.001676660962402821e-03 -3.356796205043792725e-01 1.554249972105026245e-01 -2.810412943363189697e-01 -5.774224400520324707e-01 1.944896280765533447e-01 9.421699680387973785e-03 -3.134477883577346802e-02 2.404051274061203003e-01 1.041309535503387451e-02 -7.455325685441493988e-03 6.989452987909317017e-02 -3.493696823716163635e-02
-7.347907125949859619e-02 -3.032057881355285645e-01 -3.342874646186828613e-01 -3.631818890571594238e-01 -9.133929014205932617e-01 6.992875337600708008e-01 -7.564740180969238281e-01 -8.114607334136962891e-01 1.416266709566116333e-01 4.657702147960662842e-01 -1.576865613460540771e-01 6.223054528236389160e-01 3.219291567802429199e-01 8.223505616188049316e-01 -3.140535205602645874e-02 1.843688040971755981e-01 1.458742171525955200e-01 1.978814154863357544e-01 -4.319878518581390381e-01 -6.022391319274902344e-01
1.625367626547813416e-02 2.318298369646072388e-01 1.403164714574813843e-01 -2.804653346538543701e-02 -1.580979377031326294e-01 -1.129837427288293839e-02 3.246873319149017334e-01 5.845742672681808472e-02 2.049507051706314087e-01 -3.251292705535888672e-01 1.869618743658065796e-01 -5.841978788375854492e-01 -1.165789645165205002e-02 -6.839375197887420654e-02 -2.602150849997997284e-02 1.867661029100418091e-01 1.221022307872772217e-01 1.434398740530014038e-01 -8.295338600873947144e-02 2.585668861865997314e-01
7.758157700300216675e-02 -1.195004880428314209e-01 2.277161553502082825e-02 8.473590761423110962e-02 3.198909014463424683e-02 1.083146706223487854e-01 -2.082041352987289429e-01 -2.761717736721038818e-01 3.030718863010406494e-01 -4.474480077624320984e-02 1.666895002126693726e-01 -1.870389878749847412e-01 2.242933511734008789e-01 2.273631654679775238e-02 2.921247184276580811e-01 1.271690875291824341e-01 -1.602048128843307495e-01 2.762273550033569336e-01 -4.859405457973480225e-01 2.116089127957820892e-02
3.898971676826477051e-01 1.969417035579681396e-01 1.139366477727890015e-01 -1.768649369478225708e-01 3.545301258563995361e-01 9.941814094781875610e-02 -5.802278965711593628e-02 -6.635873019695281982e-02 -1.040560975670814514e-01 -2.501652836799621582e-01 -6.953271478414535522e-02 -1.095310784876346588e-02 -1.176435053348541260e-01 4.307853057980537415e-02 2.013015002012252808e-01 -4.256208539009094238e-01 -4.878612458705902100e-01 2.532028257846832275e-01 4.357863962650299072e-01 -1.857093125581741333e-01
