3.143741488456726074e-01
5.390127897262573242e-01
5.026338696479797363e-01
6.573701500892639160e-01
3.464605212211608887e-01
-3.216924369335174561e-01
6.058628559112548828e-01
3.261672854423522949e-01
-1.105322837829589844e-01
-1.854149401187896729e-01
-4.297513365745544434e-01
-1.118482276797294617e-01
-2.728402018547058105e-01
-2.814186513423919678e-01
4.590985774993896484e-01
-3.607453107833862305e-01
-3.146692216396331787e-01
-2.766723930835723877e-01
2.596003711223602295e-01
4.159420132637023926e-01
