-3.511422276496887207e-01 -2.290442138910293579e-01 1.239043623208999634e-01 1.819118857383728027e-01 -1.288874149322509766e-01 3.653181716799736023e-02 -9.405939280986785889e-02 3.729423880577087402e-01 9.195814840495586395e-03 -2.531173229217529297e-01 -2.801336050033569336e-01 2.828183770179748535e-01 -5.441405996680259705e-02 -3.948675096035003662e-02 -1.182576343417167664e-01 -3.184219300746917725e-01 3.627730309963226318e-01 -6.652747094631195068e-02 9.284547716379165649e-02 2.049022018909454346e-01
-1.981350593268871307e-02 -3.100623488426208496e-01 2.661977410316467285e-01 2.587265670299530029e-01 -6.809828430414199829e-02 1.216709166765213013e-01 -8.047109097242355347e-02 1.166231557726860046e-01 5.437975376844406128e-02 -2.852731943130493164e-02 -3.761957287788391113e-01 3.858361244201660156e-01 3.070055879652500153e-02 7.141515612602233887e-02 -2.131142318248748779e-01 2.285273969173431396e-01 -3.931552171707153320e-01 3.525125980377197266e-01 -5.996677279472351074e-01 -3.587945997714996338e-01
1.097468212246894836e-01 -4.702382907271385193e-02 -1.828594207763671875e-01 2.910785973072052002e-01 -4.354139566421508789e-01 -2.567243576049804688e-01 -4.732252359390258789e-01 2.509316802024841309e-01 -8.703424036502838135e-02 -1.166264116764068604e-01 -4.863172769546508789e-01 2.893164195120334625e-02 1.396199315786361694e-01 2.142269015312194824e-01 -2.513160705566406250e-01 -1.439601033926010132e-01 1.753412634134292603e-01 -4.461202025413513184e-02 -2.262258529663085938e-01 -8.222284913063049316e-02
4.424136281013488770e-01 -7.590068876743316650e-02 1.661917269229888916e-01 4.780925512313842773e-01 7.497923076152801514e-02 5.389695242047309875e-02 -1.858620205894112587e-03 1.581380516290664673e-01 -5.420431494712829590e-01 -5.473543405532836914e-01 5.112683176994323730e-01 -1.500263512134552002e-01 9.849302470684051514e-02 -2.454442977905273438e-01 2.660755068063735962e-02 2.383478581905364990e-01 -2.932635843753814697e-01 4.408808052539825439e-01 -1.622182577848434448e-01 -1.398300528526306152e-01
-1.936230361461639404e-01 -3.211846053600311279e-01 -1.105427518486976624e-01 9.406927041709423065e-03 5.610858276486396790e-02 -6.039423123002052307e-02 -9.169970452785491943e-02 1.131558120250701904e-01 -7.506980001926422119e-02 -1.163826212286949158e-01 -3.469002544879913330e-01 -5.345564335584640503e-02 -2.681565582752227783e-01 -3.921938836574554443e-01 -1.590784639120101929e-01 4.222826361656188965e-01 -4.614152014255523682e-02 3.810141980648040771e-01 -2.085397392511367798e-01 -1.900823563337326050e-01
-3.590333461761474609e-01 9.155119210481643677e-02 -8.814365603029727936e-03 6.512699127197265625e-01 -4.340275824069976807e-01 -9.225730597972869873e-02 -1.958416402339935303e-01 2.908785641193389893e-02 -6.666754186153411865e-02 5.164508819580078125e-01 2.438281327486038208e-01 7.566034197807312012e-01 -7.237003743648529053e-02 3.276213407516479492e-01 1.931484639644622803e-01 2.482050843536853790e-02 -8.255015611648559570e-01 -1.575017273426055908e-01 9.761049295775592327e-04 4.931221306324005127e-01
-3.578680008649826050e-02 -1.266963183879852295e-01 3.407340049743652344e-01 3.089860975742340088e-01 1.902954131364822388e-01 1.259098201990127563e-01 -5.525425076484680176e-01 -1.985967904329299927e-02 -1.220135241746902466e-01 7.764957845211029053e-02 -3.657693862915039062e-01 -2.066207081079483032e-01 -1.300072018057107925e-02 -2.346374392509460449e-01 -4.483539611101150513e-02 3.078712895512580872e-02 2.666914276778697968e-02 5.494311451911926270e-03 -1.614328473806381226e-01 -2.640826404094696045e-01
2.626415789127349854e-01 1.147646456956863403e-01 3.371042311191558838e-01 1.942427754402160645e-01 1.374284625053405762e-01 -1.919564604759216309e-01 -4.131884574890136719e-01 1.559571623802185059e-01 -1.273619234561920166e-01 4.959826171398162842e-02 -1.124220862984657288e-01 1.265594512224197388e-01 -2.041972614824771881e-02 -1.727261990308761597e-01 -3.021559715270996094e-01 -1.693061590194702148e-01 1.334575116634368896e-01 -5.650102719664573669e-02 3.454470038414001465e-01 -2.506172657012939453e-01
-5.606794357299804688e-02 4.645768553018569946e-02 -1.647319644689559937e-01 4.705347120761871338e-02 2.120883762836456299e-02 -2.889423370361328125e-01 5.061067342758178711e-01 -3.958548307418823242e-01 1.938929408788681030e-01 1.503950357437133789e-01 -5.627540498971939087e-02 1.189568191766738892e-01 3.937421143054962158e-01 2.439911663532257080e-01 1.184391900897026062e-01 3.796533942222595215e-01 -2.954052090644836426e-01 -1.097027733922004700e-01 9.649177640676498413e-02 1.761937737464904785e-01
1.588940769433975220e-01 -1.788272559642791748e-01 -1.085339561104774475e-01 -1.554447561502456665e-01 -5.955204740166664124e-02 1.859026253223419189e-01 6.391265988349914551e-02 1.676221638917922974e-01 7.815682142972946167e-02 -1.059689968824386597e-01 4.557382687926292419e-02 -1.858158856630325317e-01 -2.867100834846496582e-01 2.784357666969299316e-01 -3.659425079822540283e-01 -1.582597643136978149e-01 1.733425408601760864e-01 -4.460967332124710083e-02 -1.468808352947235107e-01 -7.683327049016952515e-02
1.772111095488071442e-02 1.990085542201995850e-01 3.307804465293884277e-01 -1.898935437202453613e-01 -5.546468496322631836e-01 -4.191305935382843018e-01 -1.613177061080932617e-01 5.616818070411682129e-01 -3.578770160675048828e-01 2.847929596900939941e-01 -9.018037468194961548e-02 1.995643377304077148e-01 2.239378988742828369e-01 -1.625817865133285522e-01 -1.525669544935226440e-01 7.733713835477828979e-02 2.011231333017349243e-01 -1.454413384199142456e-01 1.260896325111389160e-01 5.393778681755065918e-01
-1.896419823169708252e-01 2.593466639518737793e-01 1.437214203178882599e-02 -3.488940000534057617e-02 5.002371594309806824e-02 -1.927908211946487427e-01 2.082140296697616577e-01 4.347792267799377441e-01 -1.596584618091583252e-01 -1.632180511951446533e-01 1.073968410491943359e-01 2.316028624773025513e-01 5.481393337249755859e-01 2.725866138935089111e-01 -1.114793121814727783e-01 1.636741608381271362e-01 -2.828840911388397217e-01 -4.086383581161499023e-01 -6.914696693420410156e-01 2.470095306634902954e-01
3.910252451896667480e-01 1.323482096195220947e-01 -2.065507620573043823e-01 -1.147054582834243774e-01 8.671826124191284180e-02 5.109846591949462891e-01 5.091100335121154785e-01 -2.350331395864486694e-01 -1.366443932056427002e-01 -3.022261857986450195e-01 -1.201191172003746033e-01 1.608981192111968994e-01 -2.119897603988647461e-01 -1.997211202979087830e-02 4.527834057807922363e-01 3.337091505527496338e-01 2.590695023536682129e-01 1.302601397037506104e-01 2.046717703342437744e-01 2.836777269840240479e-01
2.007357031106948853e-01 5.668631941080093384e-02 7.573772668838500977e-01 2.444150745868682861e-01 -1.332954689860343933e-02 6.975951790809631348e-02 3.973168134689331055e-01 3.342355787754058838e-01 -1.935750544071197510e-01 -6.805419176816940308e-02 2.154531031847000122e-01 -3.434312716126441956e-02 7.924751378595829010e-03 -1.551187187433242798e-01 -1.658008694648742676e-01 3.013996779918670654e-01 8.857420086860656738e-02 -1.029928401112556458e-01 1.901617646217346191e-02 1.499866545200347900e-01
4.464934393763542175e-02 -3.205436170101165771e-01 -1.401489526033401489e-01 2.786344885826110840e-01 1.787022352218627930e-01 1.824104040861129761e-01 -3.516193330287933350e-01 -2.344817370176315308e-01 2.383640408515930176e-01 -5.048476159572601318e-02 -1.216776520013809204e-01 7.529355207225307822e-05 -1.392033398151397705e-01 1.031265035271644592e-01 1.229923740029335022e-01 -8.317518979310989380e-03 9.216121435165405273e-01 -2.569174468517303467e-01 -1.250731199979782104e-01 -2.134562283754348755e-01
6.534411758184432983e-02 1.822204142808914185e-01 -1.235036775469779968e-01 3.034693896770477295e-01 3.500106632709503174e-01 1.171308383345603943e-01 1.277124602347612381e-02 -1.028213649988174438e-01 2.564942277967929840e-02 1.255182898603379726e-03 -2.332733422517776489e-01 1.318896710872650146e-01 4.589290320873260498e-01 -1.901243627071380615e-01 -3.597555458545684814e-01 -2.019229829311370850e-01 -3.954955935478210449e-02 4.209618866443634033e-01 4.364768788218498230e-02 3.555232286453247070e-01
-1.933988034725189209e-01 -1.546824425458908081e-01 7.094467431306838989e-02 -3.393880724906921387e-01 1.101323589682579041e-01 7.721045613288879395e-02 1.420086026191711426e-01 2.736547887325286865e-01 -1.789796203374862671e-01 2.122089862823486328e-01 3.299499750137329102e-01 1.268238723278045654e-01 -8.537838608026504517e-02 8.323915302753448486e-02 -6.076808571815490723e-01 3.082373142242431641e-01 -3.031513392925262451e-01 2.397466897964477539e-01 2.536014020442962646e-01 8.698427677154541016e-02
3.653617501258850098e-01 2.034124583005905151e-01 2.325348705053329468e-01 5.231916308403015137e-01 -1.995442062616348267e-01 3.291676342487335205e-01 2.849393710494041443e-02 -2.463909536600112915e-01 1.089948639273643494e-01 -7.336884737014770508e-02 2.129335105419158936e-01 8.571026474237442017e-02 2.410805672407150269e-01 1.200802996754646301e-01 3.978548943996429443e-02 -3.722839057445526123e-01 2.731392160058021545e-02 -2.008887082338333130e-01 1.824447810649871826e-01 2.751812934875488281e-01
-4.323662519454956055e-01 -1.964755058288574219e-01 7.526257634162902832e-02 -3.644315302371978760e-01 -1.195081174373626709e-01 -2.519133687019348145e-01 3.857926651835441589e-02 -1.325252354145050049e-01 1.416561752557754517e-01 -1.442275047302246094e-01 -4.382839202880859375e-01 -2.856499552726745605e-01 -6.321346014738082886e-02 -8.992267400026321411e-02 5.262923985719680786e-02 -5.956253409385681152e-02 3.975239694118499756e-01 1.089391484856605530e-01 -1.385167241096496582e-03 -3.566446248441934586e-03
-1.128254383802413940e-01 -3.339214026927947998e-01 -1.888932585716247559e-01 8.814442902803421021e-02 3.474290668964385986e-01 -2.428151369094848633e-01 -1.369274258613586426e-01 -1.560010761022567749e-01 4.552016854286193848e-01 -6.754106283187866211e-02 5.318385958671569824e-01 -3.501708507537841797e-01 -8.626271486282348633e-01 -1.072425767779350281e-01 3.347199037671089172e-02 7.303367834538221359e-03 9.593223780393600464e-02 -4.269930720329284668e-01 3.358058631420135498e-01 -1.467818766832351685e-01
