-1.568687520921230316e-02
5.975153297185897827e-03
-7.151316106319427490e-02
-5.485545261763036251e-04
5.450757220387458801e-02
-4.416618123650550842e-02
-4.748496040701866150e-02
6.775538623332977295e-02
1.147701889276504517e-01
2.545602992177009583e-02
4.587982967495918274e-02
9.030987508594989777e-03
-5.792574584484100342e-02
6.117759738117456436e-03
-1.315863579511642456e-01
3.021820262074470520e-02
2.347781509160995483e-01
-7.555945962667465210e-02
-1.206847606226801872e-03
7.787011563777923584e-02
