5.369463190436363220e-02
3.627491369843482971e-02
-8.709365874528884888e-02
-5.444380268454551697e-02
-8.662278950214385986e-02
-1.276160310953855515e-02
9.099236689507961273e-03
4.718594625592231750e-02
-3.903388977050781250e-02
5.356063693761825562e-02
1.902526617050170898e-02
4.311807081103324890e-02
-1.047777384519577026e-01
1.327758654952049255e-03
1.065935865044593811e-01
-3.474077209830284119e-02
7.214207947254180908e-02
-6.124467402696609497e-02
-8.664921857416629791e-03
6.800962984561920166e-02
