7.561057060956954956e-02
-1.816153079271316528e-01
-1.100448817014694214e-01
-8.767678588628768921e-02
-1.282737404108047485e-01
1.684616059064865112e-01
-2.500425577163696289e-01
-2.264812588691711426e-01
3.100664727389812469e-02
5.552406981587409973e-02
-1.500946581363677979e-01
1.451095789670944214e-01
8.090358972549438477e-02
3.170733451843261719e-01
1.131672337651252747e-01
4.118055105209350586e-02
1.819528453052043915e-02
1.446170359849929810e-01
-8.170291036367416382e-02
-2.974513173103332520e-01
